1 0.61640625 0.7 0.6203125 0.7277777777777777 0.61953125 0.7875 0.60859375 0.7861111111111111 0.60859375 0.7152777777777778 0.61171875 0.7027777777777777 0.615625 0.7
1 0.26484375 0.7166666666666667 0.26875 0.7152777777777778 0.2703125 0.7180555555555556 0.2703125 0.7277777777777777 0.27265625 0.7347222222222223 0.26953125 0.7694444444444445 0.26953125 0.7902777777777777 0.265625 0.7972222222222223 0.2578125 0.7972222222222223 0.25625 0.7958333333333333 0.25546875 0.7833333333333333 0.25703125 0.7416666666666667 0.259375 0.7277777777777777 0.26484375 0.7180555555555556
1 0.35625 0.7930555555555555 0.35859375 0.7763888888888889 0.35703125 0.7208333333333333 0.3640625 0.6958333333333333 0.36796875 0.6986111111111111 0.36875 0.7097222222222223 0.37265625 0.7194444444444444 0.37265625 0.7444444444444445 0.36953125 0.7527777777777778 0.3703125 0.7888888888888889 0.36953125 0.7916666666666666 0.36640625 0.7916666666666666 0.3625 0.7833333333333333 0.36015625 0.7930555555555555 0.35703125 0.7930555555555555
1 0.29921875 0.7520833333333333 0.0171875 0.0875
1 0.51953125 0.7305555555555555 0.52265625 0.7402777777777778 0.52109375 0.7513888888888889 0.52265625 0.7763888888888889 0.51171875 0.775 0.51328125 0.7347222222222223 0.515625 0.7291666666666666 0.51875 0.7305555555555555
1 0.716015625 0.7506944444444444 0.02578125 0.12916666666666668
1 0.9875 0.6222222222222222 0.98984375 0.6194444444444445 0.9953125 0.6194444444444445 0.996875 0.6222222222222222 0.9953125 0.6486111111111111 0.99921875 0.6583333333333333 0.99921875 0.7777777777777778 0.9875 0.775 0.98828125 0.7583333333333333 0.99140625 0.7486111111111111 0.99375 0.7263888888888889 0.98046875 0.6638888888888889 0.98046875 0.6513888888888889 0.9859375 0.6402777777777777 0.9875 0.6236111111111111
1 0.33828125 0.7027777777777777 0.3421875 0.7055555555555556 0.34609375 0.7263888888888889 0.34453125 0.7361111111111112 0.3453125 0.7708333333333334 0.34375 0.7888888888888889 0.340625 0.7930555555555555 0.33359375 0.7944444444444444 0.33359375 0.7763888888888889 0.3296875 0.7513888888888889 0.33046875 0.7277777777777777 0.3375 0.7041666666666667
1 0.2828125 0.7097222222222223 0.2859375 0.7125 0.2875 0.7208333333333333 0.2875 0.7930555555555555 0.2859375 0.7958333333333333 0.27578125 0.7958333333333333 0.27734375 0.7833333333333333 0.27734375 0.7625 0.275 0.7513888888888889 0.27578125 0.7263888888888889 0.28203125 0.7111111111111111
1 0.433984375 0.7458333333333333 0.01796875 0.07777777777777778
1 0.59921875 0.7861111111111111 0.59765625 0.775 0.59765625 0.7402777777777778 0.6 0.7055555555555556 0.6015625 0.7027777777777777 0.60546875 0.7027777777777777 0.60625 0.7055555555555556 0.6046875 0.7222222222222222 0.60625 0.7638888888888888 0.60234375 0.7847222222222222 0.6 0.7847222222222222
1 0.25390625 0.7125 0.2578125 0.7277777777777777 0.25703125 0.7583333333333333 0.25546875 0.7888888888888889 0.25 0.8 0.24375 0.8 0.2421875 0.7972222222222223 0.24375 0.7583333333333333 0.24140625 0.7458333333333333 0.24140625 0.7333333333333333 0.2484375 0.7138888888888889 0.25 0.7111111111111111 0.253125 0.7125
1 0.87578125 0.6597222222222222 0.8796875 0.6597222222222222 0.884375 0.6736111111111112 0.88671875 0.7027777777777777 0.88671875 0.7319444444444444 0.88046875 0.7375 0.87734375 0.7347222222222223 0.87265625 0.6861111111111111 0.87578125 0.6611111111111111
1 0.621875 0.7541666666666667 0.61875 0.7083333333333334 0.625 0.6972222222222222 0.6265625 0.6833333333333333 0.6296875 0.6777777777777778 0.6328125 0.6819444444444445 0.634375 0.6944444444444444 0.640625 0.7152777777777778 0.64140625 0.7319444444444444 0.6375 0.7486111111111111 0.6375 0.7666666666666667 0.64140625 0.7972222222222223 0.640625 0.8 0.6265625 0.8 0.62578125 0.7708333333333334 0.62265625 0.7541666666666667
1 0.6796875 0.6888888888888889 0.68828125 0.7138888888888889 0.69140625 0.7333333333333333 0.69140625 0.75 0.68828125 0.7611111111111111 0.6875 0.775 0.6875 0.8125 0.67421875 0.8069444444444445 0.675 0.7875 0.67109375 0.7555555555555555 0.665625 0.7430555555555556 0.66640625 0.7194444444444444 0.6703125 0.7041666666666667 0.67109375 0.6916666666666667 0.67421875 0.6875 0.67890625 0.6888888888888889
1 0.64375 0.6944444444444444 0.65078125 0.7083333333333334 0.65234375 0.7180555555555556 0.65234375 0.7361111111111112 0.65 0.7458333333333333 0.6484375 0.7777777777777778 0.646875 0.7861111111111111 0.64375 0.7875 0.6390625 0.7666666666666667 0.6390625 0.7486111111111111 0.64140625 0.7416666666666667 0.6421875 0.725 0.63828125 0.7013888888888888 0.63984375 0.6930555555555555 0.64296875 0.6944444444444444