1 0.228125 0.6902777777777778 0.23046875 0.6916666666666667 0.234375 0.7083333333333334 0.23515625 0.7291666666666666 0.23203125 0.7458333333333333 0.23203125 0.7625 0.22734375 0.7722222222222223 0.22421875 0.7722222222222223 0.221875 0.7680555555555556 0.22109375 0.7416666666666667 0.21640625 0.7291666666666666 0.2171875 0.7125 0.2234375 0.6986111111111111 0.2234375 0.6944444444444444 0.22734375 0.6902777777777778
1 0.02890625 0.6833333333333333 0.034375 0.6819444444444445 0.0375 0.6847222222222222 0.04453125 0.7041666666666667 0.04609375 0.7277777777777777 0.04375 0.7611111111111111 0.046875 0.7861111111111111 0.0515625 0.8013888888888889 0.0515625 0.8083333333333333 0.04453125 0.8138888888888889 0.0421875 0.8111111111111111 0.04296875 0.8027777777777778 0.04140625 0.7972222222222223 0.0359375 0.7944444444444444 0.0328125 0.8013888888888889 0.0328125 0.8069444444444445 0.02890625 0.8069444444444445 0.025 0.8180555555555555 0.015625 0.8180555555555555 0.015625 0.8138888888888889 0.0203125 0.8055555555555556 0.01953125 0.7902777777777777 0.02421875 0.7277777777777777 0.02890625 0.6986111111111111 0.02890625 0.6847222222222222
1 0 0.6694444444444444 0.0046875 0.6680555555555555 0.0078125 0.6708333333333333 0.009375 0.6805555555555556 0.01796875 0.6972222222222222 0.015625 0.7541666666666667 0.01328125 0.7597222222222222 0.01484375 0.7930555555555555 0.0125 0.8222222222222222 0.00859375 0.8263888888888888 0 0.8263888888888888 0 0.8180555555555555 0.003125 0.8138888888888889 0.00390625 0.8 0.003125 0.7791666666666667 0 0.7708333333333334 0 0.6708333333333333
1 0.3671875 0.7111111111111111 0.37109375 0.7208333333333333 0.37109375 0.7277777777777777 0.36953125 0.7569444444444444 0.36640625 0.7583333333333333 0.3625 0.75 0.3609375 0.7291666666666666 0.3625 0.7194444444444444 0.36640625 0.7111111111111111
1 0.26875 0.6916666666666667 0.27421875 0.6930555555555555 0.27734375 0.7055555555555556 0.27890625 0.7236111111111111 0.275 0.7361111111111112 0.2765625 0.7472222222222222 0.27578125 0.7611111111111111 0.27265625 0.7652777777777777 0.26875 0.7652777777777777 0.26640625 0.7611111111111111 0.26484375 0.7486111111111111 0.265625 0.7333333333333333 0.2625 0.7194444444444444 0.26875 0.6930555555555555
1 0.2453125 0.6916666666666667 0.24765625 0.7027777777777777 0.25234375 0.7125 0.253125 0.7263888888888889 0.2484375 0.7472222222222222 0.25078125 0.7652777777777777 0.24765625 0.7652777777777777 0.24453125 0.7708333333333334 0.2390625 0.7680555555555556 0.234375 0.7166666666666667 0.2375 0.6958333333333333 0.240625 0.6916666666666667 0.24453125 0.6916666666666667
1 0.15859375 0.6875 0.16953125 0.7055555555555556 0.171875 0.7166666666666667 0.17109375 0.7361111111111112 0.1671875 0.7444444444444445 0.16953125 0.7583333333333333 0.16953125 0.775 0.1671875 0.7888888888888889 0.16328125 0.7888888888888889 0.1609375 0.7805555555555556 0.15390625 0.7819444444444444 0.1515625 0.7763888888888889 0.1546875 0.7638888888888888 0.1546875 0.7458333333333333 0.15234375 0.7402777777777778 0.1515625 0.7236111111111111 0.15390625 0.6958333333333333 0.1578125 0.6875
1 0.0671875 0.6986111111111111 0.06640625 0.7152777777777778 0.0703125 0.7263888888888889 0.06796875 0.7388888888888889 0.06796875 0.7513888888888889 0.06484375 0.7541666666666667 0.06796875 0.7583333333333333 0.06875 0.7652777777777777 0.065625 0.7861111111111111 0.06015625 0.7958333333333333 0.05625 0.7916666666666666 0.05625 0.7791666666666667 0.05859375 0.7611111111111111 0.0609375 0.7555555555555555 0.0484375 0.7527777777777778 0.04765625 0.7458333333333333 0.059375 0.7055555555555556 0.06640625 0.6986111111111111
1 0.13671875 0.6875 0.14609375 0.6972222222222222 0.15 0.7069444444444445 0.15078125 0.7361111111111112 0.146875 0.7486111111111111 0.146875 0.7638888888888888 0.14921875 0.7680555555555556 0.1484375 0.7791666666666667 0.14375 0.7847222222222222 0.1328125 0.7861111111111111 0.13046875 0.7777777777777778 0.1296875 0.7430555555555556 0.13125 0.7375 0.13203125 0.6986111111111111 0.1359375 0.6888888888888889
1 0.12265625 0.6722222222222223 0.12421875 0.6847222222222222 0.13125 0.6986111111111111 0.13203125 0.7236111111111111 0.1296875 0.7416666666666667 0.125 0.7513888888888889 0.1265625 0.7611111111111111 0.12578125 0.7722222222222223 0.1203125 0.8013888888888889 0.11328125 0.8 0.11484375 0.7819444444444444 0.10234375 0.7208333333333333 0.10390625 0.7041666666666667 0.1125 0.6777777777777778 0.1171875 0.6708333333333333 0.121875 0.6722222222222223
1 0.08828125 0.6555555555555556 0.090625 0.6611111111111111 0.0921875 0.6777777777777778 0.10078125 0.6875 0.10234375 0.6944444444444444 0.1 0.7097222222222223 0.1 0.7277777777777777 0.09609375 0.7347222222222223 0.09375 0.7513888888888889 0.09453125 0.7680555555555556 0.09296875 0.7805555555555556 0.09765625 0.8055555555555556 0.09140625 0.8138888888888889 0.084375 0.8111111111111111 0.07734375 0.7930555555555555 0.07265625 0.7625 0.075 0.7333333333333333 0.0671875 0.7166666666666667 0.0671875 0.7055555555555556 0.0703125 0.6902777777777778 0.07890625 0.6805555555555556 0.08125 0.6597222222222222 0.08359375 0.6555555555555556 0.0875 0.6555555555555556
1 0.3375 0.7111111111111111 0.340625 0.725 0.33828125 0.7527777777777778 0.33515625 0.7583333333333333 0.33203125 0.7541666666666667 0.33203125 0.7208333333333333 0.33671875 0.7125
1 0.546875 0.7027777777777777 0.55078125 0.7194444444444444 0.55 0.7486111111111111 0.54921875 0.7541666666666667 0.546875 0.7555555555555555 0.54375 0.7541666666666667 0.540625 0.7138888888888889 0.54140625 0.7069444444444445 0.54609375 0.7027777777777777
1 0.353125 0.7027777777777777 0.36015625 0.7208333333333333 0.36015625 0.7527777777777778 0.3578125 0.7583333333333333 0.35234375 0.7569444444444444 0.353125 0.7402777777777778 0.3484375 0.7194444444444444 0.3484375 0.7083333333333334 0.35234375 0.7027777777777777