1 0.18515625 0.6888888888888889 0.18671875 0.6944444444444444 0.1859375 0.7097222222222223 0.18046875 0.7083333333333334 0.18046875 0.6930555555555555 0.18203125 0.6888888888888889 0.184375 0.6888888888888889
1 0.56015625 0.6736111111111112 0.55703125 0.6666666666666666 0.55859375 0.6527777777777778 0.56328125 0.6513888888888889 0.56484375 0.6583333333333333 0.5640625 0.6680555555555555 0.5609375 0.6722222222222223
1 0.86015625 0.6666666666666666 0.86171875 0.6861111111111111 0.86015625 0.6986111111111111 0.85703125 0.6972222222222222 0.85390625 0.6847222222222222 0.85390625 0.6680555555555555 0.85625 0.6652777777777777 0.859375 0.6666666666666666
1 0.84140625 0.6958333333333333 0.8359375 0.6916666666666667 0.8359375 0.675 0.83828125 0.6708333333333333 0.8421875 0.6777777777777778 0.84140625 0.6944444444444444
1 0.7203125 0.6722222222222223 0.72578125 0.6833333333333333 0.72578125 0.6986111111111111 0.72421875 0.7013888888888888 0.7203125 0.6986111111111111 0.71953125 0.6736111111111112
1 0.23515625 0.7152777777777778 0.2390625 0.7319444444444444 0.2390625 0.7763888888888889 0.2359375 0.7861111111111111 0.23046875 0.7861111111111111 0.228125 0.7708333333333334 0.22421875 0.7666666666666667 0.22734375 0.7291666666666666 0.23125 0.7166666666666667 0.234375 0.7152777777777778
1 0.12265625 0.7013888888888888 0.1265625 0.7097222222222223 0.12890625 0.7236111111111111 0.13671875 0.7375 0.140625 0.7541666666666667 0.13984375 0.7819444444444444 0.13203125 0.7916666666666666 0.13046875 0.8 0.13125 0.85 0.1234375 0.8569444444444444 0.1171875 0.8513888888888889 0.11953125 0.8430555555555556 0.11875 0.7958333333333333 0.11640625 0.7902777777777777 0.1125 0.7888888888888889 0.1125 0.7777777777777778 0.1078125 0.7625 0.109375 0.7347222222222223 0.1125 0.7263888888888889 0.1140625 0.7097222222222223 0.11796875 0.7013888888888888 0.121875 0.7013888888888888
1 0.78203125 0.6875 0.7859375 0.7041666666666667 0.78359375 0.7583333333333333 0.77578125 0.7583333333333333 0.775 0.7555555555555555 0.77265625 0.7097222222222223 0.77265625 0.7 0.775 0.6916666666666667 0.778125 0.6861111111111111 0.78125 0.6875
1 0.36171875 0.6736111111111112 0.365625 0.6763888888888889 0.3671875 0.6847222222222222 0.3671875 0.6902777777777778 0.3625 0.6930555555555555 0.36015625 0.6819444444444445 0.36171875 0.675
1 0.071875 0.7236111111111111 0.08515625 0.7458333333333333 0.090625 0.7625 0.08828125 0.7847222222222222 0.0890625 0.8055555555555556 0.09453125 0.8277777777777777 0.096875 0.8597222222222223 0.09296875 0.8638888888888889 0.084375 0.8625 0.08828125 0.8513888888888889 0.08671875 0.8430555555555556 0.07890625 0.8319444444444445 0.0734375 0.8291666666666667 0.0671875 0.8486111111111111 0.0640625 0.8680555555555556 0.0546875 0.8680555555555556 0.0515625 0.8625 0.059375 0.8569444444444444 0.06171875 0.8486111111111111 0.0640625 0.8069444444444445 0.06640625 0.7958333333333333 0.065625 0.7805555555555556 0.06796875 0.7652777777777777 0.0640625 0.7305555555555555 0.065625 0.7263888888888889 0.07109375 0.7236111111111111
1 0.3359375 0.725 0.3390625 0.7416666666666667 0.3390625 0.7541666666666667 0.3375 0.7569444444444444 0.334375 0.7569444444444444 0.33359375 0.7541666666666667 0.3328125 0.7375 0.33359375 0.7263888888888889 0.33515625 0.725
1 0.175 0.6861111111111111 0.178125 0.6861111111111111 0.17890625 0.6888888888888889 0.17890625 0.7083333333333334 0.1765625 0.7097222222222223 0.175 0.7083333333333334 0.17421875 0.6986111111111111 0.175 0.6875
1 0.85234375 0.6805555555555556 0.85625 0.6972222222222222 0.85390625 0.7 0.84921875 0.6986111111111111 0.8484375 0.6916666666666667 0.8515625 0.6819444444444445
1 0.35546875 0.7152777777777778 0.359375 0.7263888888888889 0.3609375 0.7527777777777778 0.3609375 0.7652777777777777 0.3578125 0.7694444444444445 0.35390625 0.7680555555555556 0.35390625 0.7597222222222222 0.35078125 0.7513888888888889 0.3515625 0.725 0.35234375 0.7180555555555556 0.3546875 0.7152777777777778
1 0.24765625 0.7138888888888889 0.253125 0.7347222222222223 0.25234375 0.7777777777777778 0.2515625 0.7833333333333333 0.24765625 0.7861111111111111 0.240625 0.7833333333333333 0.23984375 0.7472222222222222 0.240625 0.7222222222222222 0.24453125 0.7138888888888889 0.246875 0.7138888888888889
1 0.203125 0.6847222222222222 0.20625 0.6888888888888889 0.2078125 0.7041666666666667 0.20625 0.7069444444444445 0.19921875 0.7055555555555556 0.19921875 0.6930555555555555 0.20234375 0.6861111111111111
1 0.29296875 0.7236111111111111 0.29609375 0.7444444444444445 0.2921875 0.7611111111111111 0.29140625 0.7791666666666667 0.28984375 0.7805555555555556 0.28671875 0.7805555555555556 0.284375 0.7763888888888889 0.2796875 0.7347222222222223 0.28125 0.7263888888888889 0.28671875 0.7152777777777778 0.2890625 0.7152777777777778 0.2921875 0.7236111111111111
1 0.1609375 0.6972222222222222 0.1734375 0.7236111111111111 0.17734375 0.7388888888888889 0.17734375 0.7527777777777778 0.171875 0.7763888888888889 0.17578125 0.8097222222222222 0.17578125 0.8416666666666667 0.16796875 0.8416666666666667 0.16796875 0.8111111111111111 0.165625 0.7986111111111112 0.1609375 0.7902777777777777 0.15859375 0.7944444444444444 0.15625 0.8194444444444444 0.15546875 0.8361111111111111 0.15703125 0.8472222222222222 0.15390625 0.8513888888888889 0.146875 0.8486111111111111 0.15 0.8375 0.1484375 0.8166666666666667 0.15 0.7930555555555555 0.15234375 0.7833333333333333 0.15 0.7763888888888889 0.14375 0.7708333333333334 0.14296875 0.75 0.14609375 0.7263888888888889 0.15234375 0.7152777777777778 0.15390625 0.7013888888888888 0.16015625 0.6972222222222222
1 0.79296875 0.6777777777777778 0.80078125 0.6916666666666667 0.79921875 0.6986111111111111 0.8 0.7097222222222223 0.79453125 0.7222222222222222 0.79296875 0.725 0.7890625 0.7236111111111111 0.7859375 0.7097222222222223 0.78515625 0.6902777777777778 0.7921875 0.6791666666666667
1 0.55 0.6527777777777778 0.55390625 0.6583333333333333 0.55390625 0.6708333333333333 0.55 0.6736111111111112 0.55 0.6541666666666667
1 0.76484375 0.6583333333333333 0.76953125 0.6763888888888889 0.76875 0.6833333333333333 0.7640625 0.6875 0.7609375 0.6819444444444445 0.76015625 0.6638888888888889 0.76171875 0.6597222222222222 0.7640625 0.6597222222222222
1 0.55390625 0.6208333333333333 0.55625 0.6263888888888889 0.5546875 0.6402777777777777 0.55234375 0.6402777777777777 0.5515625 0.6222222222222222 0.553125 0.6208333333333333
1 0.83359375 0.6694444444444444 0.8359375 0.675 0.8359375 0.6875 0.834375 0.6916666666666667 0.83046875 0.6916666666666667 0.828125 0.6875 0.82890625 0.6736111111111112 0.83125 0.6680555555555555 0.8328125 0.6694444444444444
1 0.36171875 0.7375 0.009375 0.05
1 0.4671875 0.6930555555555555 0.46953125 0.7027777777777777 0.46953125 0.7208333333333333 0.46328125 0.7222222222222222 0.46015625 0.7194444444444444 0.4625 0.7097222222222223 0.4625 0.6972222222222222 0.46640625 0.6930555555555555
1 0.34375 0.7041666666666667 0.35234375 0.7194444444444444 0.35234375 0.7305555555555555 0.3453125 0.7736111111111111 0.34140625 0.7722222222222223 0.3421875 0.7666666666666667 0.33984375 0.75 0.33515625 0.7305555555555555 0.33984375 0.7055555555555556 0.34296875 0.7041666666666667
1 0.5671875 0.6722222222222223 0.56484375 0.6694444444444444 0.565625 0.65 0.5703125 0.6486111111111111 0.571875 0.6527777777777778 0.571875 0.6638888888888889 0.56796875 0.6708333333333333
1 0.71328125 0.6708333333333333 0.71953125 0.6763888888888889 0.7203125 0.6861111111111111 0.7203125 0.7 0.7171875 0.7 0.71328125 0.6944444444444444 0.71328125 0.6722222222222223
1 0.7375 0.6694444444444444 0.7390625 0.6805555555555556 0.7390625 0.7013888888888888 0.7375 0.7041666666666667 0.73203125 0.6986111111111111 0.73046875 0.6902777777777778 0.7328125 0.6722222222222223 0.73671875 0.6694444444444444
1 0.759375 0.7013888888888888 0.7625 0.6916666666666667 0.771875 0.6916666666666667 0.771875 0.7291666666666666 0.76484375 0.7291666666666666 0.76328125 0.7097222222222223 0.76015625 0.7027777777777777