1 0.278515625 0.6722222222222223 0.01171875 0.06944444444444445
1 0.890625 0.6069444444444444 0.89765625 0.6263888888888889 0.8984375 0.6361111111111111 0.89609375 0.6652777777777777 0.88671875 0.6736111111111112 0.8875 0.6777777777777778 0.88515625 0.6805555555555556 0.88359375 0.6986111111111111 0.88125 0.6958333333333333 0.88125 0.6916666666666667 0.8828125 0.6791666666666667 0.88671875 0.6722222222222223 0.88359375 0.6652777777777777 0.8796875 0.6319444444444444 0.88515625 0.6180555555555556 0.8859375 0.6111111111111112 0.88984375 0.6069444444444444
1 0.0171875 0.65 0.01875 0.6611111111111111 0.01796875 0.6847222222222222 0.02109375 0.7013888888888888 0.02109375 0.7125 0.015625 0.7291666666666666 0.015625 0.7333333333333333 0.01875 0.7375 0.0171875 0.7402777777777778 0.00859375 0.7375 0.00703125 0.6916666666666667 0.009375 0.6888888888888889 0.009375 0.6791666666666667 0.00625 0.6694444444444444 0.0125 0.6527777777777778 0.01640625 0.65
1 0.96953125 0.6222222222222222 0.97421875 0.6291666666666667 0.97578125 0.6486111111111111 0.97578125 0.6541666666666667 0.97109375 0.6597222222222222 0.975 0.6708333333333333 0.971875 0.6777777777777778 0.9609375 0.6777777777777778 0.95703125 0.6708333333333333 0.95703125 0.6638888888888889 0.9625 0.6541666666666667 0.96171875 0.6375 0.959375 0.6319444444444444 0.95625 0.6305555555555555 0.959375 0.6083333333333333 0.96328125 0.6041666666666666 0.96875 0.6222222222222222
1 0.91171875 0.6097222222222223 0.91640625 0.6236111111111111 0.921875 0.6305555555555555 0.92265625 0.6472222222222223 0.9203125 0.675 0.9109375 0.6986111111111111 0.9078125 0.6680555555555555 0.90234375 0.6513888888888889 0.903125 0.6291666666666667 0.90625 0.6236111111111111 0.9078125 0.6125 0.9109375 0.6097222222222223
1 0.18203125 0.6444444444444445 0.18828125 0.6680555555555555 0.1828125 0.7180555555555556 0.1796875 0.7180555555555556 0.17890625 0.7152777777777778 0.175 0.6972222222222222 0.17421875 0.6819444444444445 0.17421875 0.6638888888888889 0.178125 0.6541666666666667 0.17890625 0.6458333333333334 0.18125 0.6444444444444445
1 0.2015625 0.65 0.2078125 0.6527777777777778 0.21171875 0.6708333333333333 0.21015625 0.6875 0.2109375 0.7138888888888889 0.209375 0.7166666666666667 0.20625 0.7138888888888889 0.203125 0.7166666666666667 0.19765625 0.7152777777777778 0.1984375 0.6888888888888889 0.19609375 0.675 0.2015625 0.6513888888888889
1 0.7125 0.6152777777777778 0.715625 0.6333333333333333 0.71484375 0.6527777777777778 0.71328125 0.6555555555555556 0.709375 0.6555555555555556 0.70703125 0.6444444444444445 0.7078125 0.625 0.709375 0.6166666666666667 0.71171875 0.6152777777777778
1 0.93515625 0.6152777777777778 0.93984375 0.6333333333333333 0.940625 0.65 0.9390625 0.6555555555555556 0.93125 0.6611111111111111 0.9359375 0.6625 0.9390625 0.6680555555555555 0.93828125 0.675 0.93515625 0.6777777777777778 0.92890625 0.675 0.92734375 0.6680555555555555 0.928125 0.6611111111111111 0.92421875 0.6472222222222223 0.92421875 0.6277777777777778 0.9265625 0.6138888888888889 0.92890625 0.6111111111111112 0.934375 0.6152777777777778
1 0.63828125 0.6194444444444445 0.64375 0.6305555555555555 0.64375 0.6486111111111111 0.640625 0.6638888888888889 0.6375 0.6638888888888889 0.6359375 0.6583333333333333 0.6359375 0.6208333333333333 0.6375 0.6194444444444445
1 0.63359375 0.6180555555555556 0.6359375 0.6263888888888889 0.63359375 0.6638888888888889 0.6265625 0.6638888888888889 0.625 0.6597222222222222 0.6265625 0.6472222222222223 0.625 0.6291666666666667 0.62890625 0.6194444444444445 0.6328125 0.6180555555555556
1 0.7015625 0.6138888888888889 0.70625 0.6305555555555555 0.7046875 0.6541666666666667 0.7 0.6555555555555556 0.69765625 0.6541666666666667 0.69609375 0.6263888888888889 0.6984375 0.6138888888888889 0.70078125 0.6138888888888889
1 0.81796875 0.6097222222222223 0.825 0.6319444444444444 0.825 0.6625 0.815625 0.6625 0.81328125 0.6569444444444444 0.8140625 0.6125 0.8171875 0.6097222222222223