1 0.63671875 0.6277777777777778 0.64140625 0.6263888888888889 0.64609375 0.6361111111111111 0.6484375 0.6541666666666667 0.6484375 0.6805555555555556 0.6546875 0.6986111111111111 0.65390625 0.7069444444444445 0.65 0.7055555555555556 0.64453125 0.6875 0.640625 0.6833333333333333 0.6390625 0.6861111111111111 0.640625 0.7055555555555556 0.63515625 0.7041666666666667 0.63359375 0.6777777777777778 0.63671875 0.6291666666666667
1 0.46328125 0.6222222222222222 0.465625 0.6277777777777778 0.465625 0.6486111111111111 0.4609375 0.6930555555555555 0.4640625 0.7027777777777777 0.45625 0.7069444444444445 0.45390625 0.7055555555555556 0.45625 0.6680555555555555 0.4515625 0.6458333333333334 0.4625 0.6222222222222222
1 0.6140625 0.6222222222222222 0.61484375 0.6291666666666667 0.61953125 0.6347222222222222 0.61953125 0.6430555555555556 0.615625 0.6638888888888889 0.6125 0.6708333333333333 0.60859375 0.6680555555555555 0.6046875 0.6569444444444444 0.6046875 0.65 0.609375 0.6222222222222222 0.61328125 0.6222222222222222
1 0.08125 0.6569444444444444 0.0828125 0.6638888888888889 0.0828125 0.6972222222222222 0.08125 0.7 0.07734375 0.6986111111111111 0.078125 0.6861111111111111 0.0734375 0.6791666666666667 0.0765625 0.6541666666666667 0.078125 0.6527777777777778 0.08046875 0.6569444444444444
1 0.93203125 0.6152777777777778 0.93515625 0.6291666666666667 0.93046875 0.6361111111111111 0.92734375 0.6708333333333333 0.921875 0.6680555555555555 0.9171875 0.6277777777777778 0.92421875 0.6138888888888889 0.92890625 0.6111111111111112 0.93125 0.6152777777777778
1 0.5875 0.6222222222222222 0.59296875 0.6333333333333333 0.5953125 0.6555555555555556 0.59453125 0.6791666666666667 0.6046875 0.7055555555555556 0.60078125 0.7083333333333334 0.58828125 0.6805555555555556 0.5859375 0.6847222222222222 0.5859375 0.7083333333333334 0.584375 0.7097222222222223 0.58046875 0.7069444444444445 0.58125 0.6638888888888889 0.578125 0.6555555555555556 0.578125 0.6458333333333334 0.58125 0.6277777777777778 0.584375 0.6222222222222222 0.58671875 0.6222222222222222
1 0.44296875 0.6291666666666667 0.446875 0.6458333333333334 0.4484375 0.6847222222222222 0.446875 0.6888888888888889 0.44375 0.6888888888888889 0.43984375 0.6791666666666667 0.4375 0.6652777777777777 0.4359375 0.6305555555555555 0.4421875 0.6291666666666667
1 0.4328125 0.6277777777777778 0.4359375 0.6486111111111111 0.4390625 0.7083333333333334 0.43515625 0.7069444444444445 0.43203125 0.6888888888888889 0.42734375 0.6944444444444444 0.42578125 0.7083333333333334 0.42265625 0.7027777777777777 0.42421875 0.6444444444444445 0.42734375 0.6319444444444444 0.43203125 0.6277777777777778
1 0.10234375 0.6430555555555556 0.10859375 0.6638888888888889 0.10703125 0.6763888888888889 0.1078125 0.6986111111111111 0.1 0.7027777777777777 0.096875 0.6986111111111111 0.09765625 0.6819444444444445 0.09453125 0.6680555555555555 0.0984375 0.6444444444444445 0.1015625 0.6430555555555556
1 0.52578125 0.625 0.528125 0.6305555555555555 0.528125 0.6791666666666667 0.5328125 0.6986111111111111 0.5328125 0.7069444444444445 0.51328125 0.7069444444444445 0.5140625 0.6986111111111111 0.51875 0.6847222222222222 0.51484375 0.6541666666666667 0.515625 0.6472222222222223 0.525 0.6263888888888889
1 0.64375 0.6222222222222222 0.646875 0.6222222222222222 0.6515625 0.6291666666666667 0.66015625 0.6319444444444444 0.6625 0.6472222222222223 0.6546875 0.6708333333333333 0.65546875 0.6777777777777778 0.6609375 0.6902777777777778 0.6625 0.7013888888888888 0.6609375 0.7041666666666667 0.65703125 0.7013888888888888 0.65546875 0.6930555555555555 0.64921875 0.6805555555555556 0.6484375 0.6527777777777778 0.64296875 0.6263888888888889 0.64375 0.6236111111111111