1 0.6296875 0.6611111111111111 0.634375 0.6736111111111112 0.63359375 0.6902777777777778 0.63125 0.6986111111111111 0.62890625 0.6986111111111111 0.62578125 0.6819444444444445 0.6265625 0.6680555555555555 0.62890625 0.6625
1 0.2296875 0.6777777777777778 0.23515625 0.6763888888888889 0.23671875 0.6805555555555556 0.23515625 0.7125 0.2296875 0.7152777777777778 0.2296875 0.6791666666666667
1 0.70859375 0.65 0.71015625 0.6513888888888889 0.70859375 0.6583333333333333 0.7109375 0.6638888888888889 0.7125 0.6805555555555556 0.709375 0.6875 0.70859375 0.7055555555555556 0.70703125 0.7083333333333334 0.70390625 0.7055555555555556 0.703125 0.6944444444444444 0.69921875 0.6847222222222222 0.69765625 0.6555555555555556 0.7015625 0.6486111111111111 0.7078125 0.65
1 0.07421875 0.6791666666666667 0.07734375 0.6847222222222222 0.07421875 0.7263888888888889 0.07109375 0.7263888888888889 0.06875 0.7222222222222222 0.06875 0.6819444444444445 0.0734375 0.6791666666666667
1 0.2265625 0.675 0.22890625 0.6805555555555556 0.22890625 0.6972222222222222 0.225 0.7166666666666667 0.221875 0.7166666666666667 0.2203125 0.7125 0.21953125 0.6916666666666667 0.22265625 0.6763888888888889 0.22578125 0.675
1 0.871875 0.6541666666666667 0.875 0.6625 0.87578125 0.6791666666666667 0.87578125 0.6902777777777778 0.87265625 0.7027777777777777 0.87265625 0.7472222222222222 0.8625 0.7430555555555556 0.8625 0.7291666666666666 0.85859375 0.7138888888888889 0.85390625 0.675 0.85546875 0.6583333333333333 0.8609375 0.6402777777777777 0.865625 0.6402777777777777 0.87109375 0.6541666666666667
1 0.7546875 0.65 0.759375 0.6652777777777777 0.75703125 0.6972222222222222 0.7546875 0.7 0.75 0.6916666666666667 0.7484375 0.6833333333333333 0.74765625 0.6680555555555555 0.74921875 0.6583333333333333 0.75390625 0.6513888888888889
1 0.638671875 0.68125 0.01171875 0.043055555555555555
1 0.5734375 0.6638888888888889 0.57109375 0.6930555555555555 0.5671875 0.6916666666666667 0.56640625 0.6722222222222223 0.56953125 0.6625 0.57265625 0.6638888888888889
1 0.23203125 0.7027777777777777 0.23125 0.6875 0.23671875 0.6763888888888889 0.24140625 0.6847222222222222 0.23984375 0.6958333333333333 0.24296875 0.7069444444444445 0.240625 0.7083333333333334 0.23828125 0.7041666666666667 0.234375 0.7055555555555556 0.2328125 0.7027777777777777
1 0.6734375 0.6527777777777778 0.675 0.6638888888888889 0.6703125 0.6777777777777778 0.66875 0.6916666666666667 0.66484375 0.6916666666666667 0.66328125 0.675 0.66640625 0.6541666666666667 0.67265625 0.6527777777777778
1 0.72890625 0.6513888888888889 0.734375 0.6652777777777777 0.734375 0.6847222222222222 0.73046875 0.7 0.7265625 0.6986111111111111 0.72265625 0.6694444444444444 0.72421875 0.6527777777777778 0.728125 0.6513888888888889
1 0.1078125 0.7041666666666667 0.009375 0.03888888888888889
1 0.67265625 0.6541666666666667 0.6796875 0.6583333333333333 0.6796875 0.6833333333333333 0.6765625 0.6944444444444444 0.67578125 0.7097222222222223 0.6734375 0.7097222222222223 0.66796875 0.6833333333333333 0.66796875 0.6652777777777777 0.66953125 0.6569444444444444 0.671875 0.6541666666666667
1 0.6296875 0.6583333333333333 0.634375 0.6722222222222223 0.63359375 0.6888888888888889 0.63125 0.6986111111111111 0.62890625 0.6986111111111111 0.62734375 0.6930555555555555 0.625 0.6736111111111112 0.625 0.6666666666666666 0.62890625 0.6597222222222222
1 0.6890625 0.6527777777777778 0.69140625 0.6541666666666667 0.69140625 0.6861111111111111 0.6890625 0.7083333333333334 0.684375 0.7069444444444445 0.68359375 0.6916666666666667 0.67734375 0.6666666666666666 0.678125 0.6555555555555556 0.68359375 0.6513888888888889 0.68828125 0.6527777777777778
1 0.74140625 0.65 0.74453125 0.6555555555555556 0.74453125 0.6805555555555556 0.74140625 0.7 0.7359375 0.6902777777777778 0.73359375 0.6680555555555555 0.73515625 0.6527777777777778 0.740625 0.65
1 0.55703125 0.6611111111111111 0.56015625 0.6638888888888889 0.55703125 0.6875 0.55390625 0.6861111111111111 0.55234375 0.6722222222222223 0.55625 0.6625