1 0.71328125 0.6430555555555556 0.71953125 0.6513888888888889 0.71796875 0.6680555555555555 0.7125 0.6680555555555555 0.7125 0.6444444444444445
1 0.882421875 0.6625 0.01015625 0.030555555555555555
1 0.80703125 0.6680555555555555 0.80703125 0.6555555555555556 0.809375 0.6527777777777778 0.8125 0.6638888888888889 0.8109375 0.6694444444444444 0.8078125 0.6680555555555555
1 0.89765625 0.6430555555555556 0.9015625 0.6513888888888889 0.9 0.6736111111111112 0.89765625 0.6763888888888889 0.89375 0.675 0.89296875 0.6708333333333333 0.89296875 0.6486111111111111 0.89453125 0.6430555555555556 0.896875 0.6430555555555556
1 0.9765625 0.6458333333333334 0.98515625 0.6583333333333333 0.98671875 0.6888888888888889 0.98984375 0.7027777777777777 0.9890625 0.7097222222222223 0.98125 0.7222222222222222 0.97890625 0.7444444444444445 0.98046875 0.7666666666666667 0.97890625 0.7680555555555556 0.9765625 0.7680555555555556 0.9734375 0.7625 0.9703125 0.7194444444444444 0.96171875 0.7013888888888888 0.96015625 0.6916666666666667 0.9609375 0.6777777777777778 0.96484375 0.6597222222222222 0.96484375 0.6472222222222223 0.9671875 0.6430555555555556 0.97578125 0.6458333333333334
1 0.799609375 0.6597222222222222 0.00703125 0.022222222222222223
1 0.99921875 0.6583333333333333 0.99921875 0.7569444444444444 0.996875 0.7583333333333333 0.99375 0.7583333333333333 0.9921875 0.7541666666666667 0.99296875 0.7430555555555556 0.98828125 0.7152777777777778 0.98984375 0.7027777777777777 0.98671875 0.6916666666666667 0.9859375 0.6638888888888889 0.9890625 0.65 0.99375 0.6444444444444445 0.996875 0.6458333333333334 0.9984375 0.6583333333333333
1 0.884375 0.6597222222222222 0.009375 0.03333333333333333
1 0.69609375 0.6472222222222223 0.7 0.6375 0.70390625 0.6361111111111111 0.70703125 0.6430555555555556 0.70546875 0.6680555555555555 0.70234375 0.6722222222222223 0.6984375 0.6680555555555555 0.696875 0.6486111111111111
1 0.74453125 0.6416666666666667 0.7546875 0.6611111111111111 0.75546875 0.6708333333333333 0.7453125 0.6708333333333333 0.74375 0.6680555555555555 0.740625 0.6569444444444444 0.740625 0.6486111111111111 0.74375 0.6430555555555556
1 0.73359375 0.6430555555555556 0.73828125 0.6458333333333334 0.74140625 0.6625 0.740625 0.6722222222222223 0.7328125 0.6680555555555555 0.73203125 0.65 0.73359375 0.6444444444444445
1 0.94921875 0.6458333333333334 0.95390625 0.6513888888888889 0.95625 0.6611111111111111 0.95234375 0.6625 0.94609375 0.6736111111111112 0.94453125 0.6611111111111111 0.9453125 0.6527777777777778 0.9484375 0.6472222222222223
1 0.7734375 0.65 0.7765625 0.6569444444444444 0.7765625 0.6652777777777777 0.771875 0.6708333333333333 0.76796875 0.6708333333333333 0.7671875 0.6541666666666667 0.76875 0.65 0.77265625 0.65
1 0.94921875 0.65 0.95625 0.6569444444444444 0.9609375 0.6708333333333333 0.96015625 0.6930555555555555 0.96171875 0.7097222222222223 0.96171875 0.7263888888888889 0.959375 0.7291666666666666 0.95390625 0.7263888888888889 0.95390625 0.7180555555555556 0.95078125 0.7125 0.94921875 0.6930555555555555 0.94609375 0.6805555555555556 0.94609375 0.6597222222222222 0.94921875 0.6513888888888889
1 0.9078125 0.6402777777777777 0.9125 0.6486111111111111 0.91171875 0.6722222222222223 0.90703125 0.675 0.9046875 0.6708333333333333 0.90390625 0.6541666666666667 0.90703125 0.6416666666666667