1 0.6921875 0.6638888888888889 0.6953125 0.6680555555555555 0.69453125 0.6847222222222222 0.6921875 0.6875 0.68828125 0.6819444444444445 0.68828125 0.6722222222222223 0.69140625 0.6652777777777777
1 0.7421875 0.6611111111111111 0.7453125 0.6652777777777777 0.74609375 0.6708333333333333 0.74453125 0.6958333333333333 0.74140625 0.6958333333333333 0.7375 0.6861111111111111 0.7375 0.6666666666666666 0.74140625 0.6611111111111111
1 0.903125 0.6680555555555555 0.90703125 0.6555555555555556 0.9109375 0.6513888888888889 0.9140625 0.6583333333333333 0.915625 0.6694444444444444 0.9125 0.7361111111111112 0.9078125 0.7388888888888889 0.90546875 0.7333333333333333 0.90703125 0.6861111111111111 0.90390625 0.6694444444444444
1 0.90078125 0.6583333333333333 0.9078125 0.6888888888888889 0.9078125 0.7083333333333334 0.9046875 0.7347222222222223 0.89765625 0.7388888888888889 0.89296875 0.7333333333333333 0.89453125 0.7180555555555556 0.89296875 0.6791666666666667 0.89609375 0.6611111111111111 0.9 0.6583333333333333
1 0.01640625 0.6513888888888889 0.0109375 0.03611111111111111
1 0.93046875 0.6555555555555556 0.9390625 0.675 0.9375 0.7138888888888889 0.94140625 0.7347222222222223 0.93984375 0.7402777777777778 0.934375 0.7333333333333333 0.93515625 0.7305555555555555 0.93203125 0.7194444444444444 0.93046875 0.7236111111111111 0.93125 0.7375 0.925 0.7375 0.92578125 0.7180555555555556 0.92265625 0.6805555555555556 0.92578125 0.6569444444444444 0.9296875 0.6555555555555556
1 0.19765625 0.6444444444444445 0.2 0.6555555555555556 0.2 0.6694444444444444 0.19765625 0.6916666666666667 0.19453125 0.6972222222222222 0.19140625 0.6972222222222222 0.18984375 0.6930555555555555 0.18984375 0.6638888888888889 0.19140625 0.6444444444444445 0.196875 0.6444444444444445
1 0.89453125 0.65 0.89765625 0.6527777777777778 0.89765625 0.6611111111111111 0.89375 0.6791666666666667 0.8953125 0.7194444444444444 0.89453125 0.7305555555555555 0.890625 0.7347222222222223 0.8890625 0.7305555555555555 0.88828125 0.6694444444444444 0.890625 0.6541666666666667 0.89375 0.65
1 0.73359375 0.6583333333333333 0.73515625 0.6625 0.73515625 0.6763888888888889 0.73203125 0.6972222222222222 0.728125 0.6958333333333333 0.7265625 0.6916666666666667 0.72578125 0.6777777777777778 0.72890625 0.6583333333333333 0.7328125 0.6583333333333333
1 0.72421875 0.6555555555555556 0.72578125 0.6694444444444444 0.7234375 0.6916666666666667 0.7203125 0.6972222222222222 0.7171875 0.6944444444444444 0.71640625 0.6625 0.7203125 0.6541666666666667 0.7234375 0.6555555555555556
1 0.8453125 0.6951388888888889 0.0171875 0.0763888888888889