1 0.16484375 0.6875 0.165625 0.7263888888888889 0.16484375 0.7291666666666666 0.1578125 0.7305555555555555 0.1546875 0.7277777777777777 0.1578125 0.7166666666666667 0.15703125 0.6972222222222222 0.1640625 0.6875
1 0.7 0.6111111111111112 0.703125 0.6180555555555556 0.70390625 0.6263888888888889 0.71328125 0.6472222222222223 0.71875 0.7041666666666667 0.71875 0.7125 0.7109375 0.7263888888888889 0.71328125 0.7527777777777778 0.7046875 0.7569444444444444 0.7015625 0.7541666666666667 0.7015625 0.7430555555555556 0.6984375 0.7277777777777777 0.696875 0.725 0.690625 0.7263888888888889 0.68828125 0.7236111111111111 0.68984375 0.6902777777777778 0.68671875 0.6611111111111111 0.6875 0.6444444444444445 0.68984375 0.6333333333333333 0.69375 0.6277777777777778 0.6953125 0.6125 0.69921875 0.6111111111111112
1 0.59140625 0.6347222222222222 0.59765625 0.6527777777777778 0.59609375 0.6638888888888889 0.596875 0.6958333333333333 0.590625 0.6930555555555555 0.5890625 0.6777777777777778 0.58515625 0.6638888888888889 0.5875 0.6402777777777777 0.590625 0.6347222222222222
1 0.04609375 0.6958333333333333 0.04921875 0.7027777777777777 0.0484375 0.7430555555555556 0.046875 0.7458333333333333 0.03984375 0.7444444444444445 0.03984375 0.7125 0.0453125 0.6972222222222222
1 0.734375 0.5958333333333333 0.73671875 0.6083333333333333 0.7484375 0.6291666666666667 0.75390625 0.6666666666666666 0.75390625 0.6708333333333333 0.75 0.6722222222222223 0.74765625 0.6777777777777778 0.75 0.7375 0.75 0.7486111111111111 0.7484375 0.7513888888888889 0.74453125 0.7444444444444445 0.7421875 0.75 0.7375 0.7458333333333333 0.73359375 0.7069444444444445 0.728125 0.6819444444444445 0.7234375 0.6708333333333333 0.72265625 0.6263888888888889 0.72890625 0.6125 0.72734375 0.6 0.7296875 0.5958333333333333 0.73359375 0.5958333333333333
1 0.10703125 0.6972222222222222 0.109375 0.7013888888888888 0.109375 0.7180555555555556 0.10859375 0.7333333333333333 0.10625 0.7375 0.103125 0.7361111111111112 0.1015625 0.7180555555555556 0.1015625 0.7027777777777777 0.10390625 0.6972222222222222 0.10625 0.6972222222222222
1 0.175 0.6875 0.175 0.7236111111111111 0.17265625 0.7291666666666666 0.16640625 0.7263888888888889 0.165625 0.7041666666666667 0.1671875 0.6888888888888889 0.17421875 0.6875
1 0.05703125 0.6930555555555555 0.06171875 0.7055555555555556 0.06015625 0.7416666666666667 0.05390625 0.7444444444444445 0.0515625 0.7388888888888889 0.053125 0.7055555555555556 0.05625 0.6944444444444444
1 0.14375 0.6902777777777778 0.1484375 0.6944444444444444 0.1453125 0.7291666666666666 0.140625 0.7291666666666666 0.13984375 0.7180555555555556 0.13984375 0.6972222222222222 0.14296875 0.6916666666666667
1 0.21796875 0.6847222222222222 0.22265625 0.6958333333333333 0.2234375 0.7166666666666667 0.21875 0.7208333333333333 0.21328125 0.7194444444444444 0.21484375 0.7125 0.2140625 0.6930555555555555 0.2171875 0.6847222222222222
1 0.1296875 0.7319444444444444 0.12734375 0.7055555555555556 0.1296875 0.6916666666666667 0.13515625 0.6916666666666667 0.13671875 0.6944444444444444 0.13671875 0.7263888888888889 0.134375 0.7319444444444444 0.13046875 0.7319444444444444
1 0.08359375 0.7138888888888889 0.0859375 0.7166666666666667 0.08671875 0.725 0.08515625 0.7333333333333333 0.08125 0.7375 0.07734375 0.7375 0.0765625 0.7277777777777777 0.0796875 0.7152777777777778 0.0828125 0.7138888888888889
1 0.68515625 0.6611111111111111 0.68046875 0.6541666666666667 0.678125 0.6444444444444445 0.6828125 0.6277777777777778 0.6859375 0.625 0.6890625 0.6305555555555555 0.6859375 0.6597222222222222
1 0.64140625 0.6263888888888889 0.646875 0.6375 0.6484375 0.6486111111111111 0.646875 0.6708333333333333 0.6484375 0.6847222222222222 0.6453125 0.6916666666666667 0.64609375 0.7194444444444444 0.64375 0.725 0.63984375 0.7236111111111111 0.6359375 0.7125 0.63359375 0.6847222222222222 0.63515625 0.6736111111111112 0.63125 0.6486111111111111 0.63359375 0.6291666666666667 0.640625 0.6263888888888889
1 0.625 0.6277777777777778 0.62890625 0.6361111111111111 0.634375 0.6694444444444444 0.634375 0.6791666666666667 0.63046875 0.6916666666666667 0.6296875 0.7333333333333333 0.62578125 0.7333333333333333 0.6234375 0.7291666666666666 0.621875 0.7 0.61796875 0.6944444444444444 0.61328125 0.6791666666666667 0.61484375 0.6486111111111111 0.62109375 0.6291666666666667 0.62421875 0.6277777777777778
1 0.6078125 0.6944444444444444 0.60546875 0.6708333333333333 0.60234375 0.6611111111111111 0.60234375 0.6472222222222223 0.60859375 0.6333333333333333 0.61484375 0.6402777777777777 0.6125 0.6902777777777778 0.6109375 0.6944444444444444 0.60859375 0.6944444444444444