1 0.7421875 0.6125 0.74453125 0.6138888888888889 0.7484375 0.6305555555555555 0.75625 0.65 0.7640625 0.6888888888888889 0.7625 0.6958333333333333 0.75703125 0.6902777777777778 0.75390625 0.7013888888888888 0.75078125 0.7583333333333333 0.75390625 0.7930555555555555 0.75390625 0.8027777777777778 0.75234375 0.8055555555555556 0.74375 0.8027777777777778 0.7390625 0.7916666666666666 0.7390625 0.7611111111111111 0.7359375 0.7291666666666666 0.7328125 0.7166666666666667 0.73125 0.6930555555555555 0.72578125 0.6847222222222222 0.72578125 0.6638888888888889 0.728125 0.6513888888888889 0.73203125 0.6430555555555556 0.73359375 0.6222222222222222 0.7359375 0.6152777777777778 0.74140625 0.6125
1 0.581640625 0.6777777777777778 0.01015625 0.04722222222222222
1 0.25546875 0.5847222222222223 0.2578125 0.5986111111111111 0.2578125 0.6125 0.25625 0.625 0.2515625 0.6277777777777778 0.24921875 0.6236111111111111 0.25 0.6027777777777777 0.2515625 0.5902777777777778 0.2546875 0.5847222222222223
1 0.06796875 0.7111111111111111 0.07109375 0.7194444444444444 0.071875 0.7305555555555555 0.0703125 0.7583333333333333 0.0671875 0.7541666666666667 0.0609375 0.7333333333333333 0.0609375 0.7208333333333333 0.06484375 0.7111111111111111 0.0671875 0.7111111111111111
1 0.5609375 0.6625 0.56484375 0.6722222222222223 0.56484375 0.6888888888888889 0.56015625 0.6930555555555555 0.55703125 0.6916666666666667 0.55703125 0.6791666666666667 0.5546875 0.6694444444444444 0.55625 0.6625 0.56015625 0.6625
1 0.175 0.6958333333333333 0.178125 0.6944444444444444 0.18125 0.7027777777777777 0.1796875 0.7333333333333333 0.175 0.7375 0.1734375 0.7347222222222223 0.171875 0.7138888888888889 0.171875 0.7055555555555556 0.175 0.6972222222222222
1 0.578125 0.6527777777777778 0.58046875 0.6569444444444444 0.58203125 0.6680555555555555 0.58203125 0.6986111111111111 0.57734375 0.6986111111111111 0.5734375 0.6902777777777778 0.5703125 0.6708333333333333 0.57109375 0.6555555555555556 0.57421875 0.6513888888888889 0.57734375 0.6527777777777778
1 0.57109375 0.6541666666666667 0.575 0.6541666666666667 0.5765625 0.6722222222222223 0.57578125 0.6888888888888889 0.57109375 0.6902777777777778 0.56953125 0.6875 0.56796875 0.6652777777777777 0.57109375 0.6555555555555556
1 0.59296875 0.65 0.5953125 0.6527777777777778 0.5953125 0.6583333333333333 0.59296875 0.6722222222222223 0.5921875 0.6986111111111111 0.5859375 0.6958333333333333 0.584375 0.6736111111111112 0.58515625 0.6541666666666667 0.58828125 0.65 0.5921875 0.65
1 0.56015625 0.6597222222222222 0.5671875 0.6666666666666666 0.56796875 0.6875 0.56484375 0.6916666666666667 0.56015625 0.6916666666666667 0.5578125 0.6694444444444444 0.559375 0.6611111111111111
1 0.62109375 0.6444444444444445 0.6265625 0.6569444444444444 0.628125 0.6680555555555555 0.6265625 0.7138888888888889 0.61875 0.7125 0.61640625 0.7027777777777777 0.6140625 0.6625 0.61640625 0.6513888888888889 0.6203125 0.6444444444444445
1 0.715625 0.6361111111111111 0.7171875 0.6472222222222223 0.725 0.6666666666666666 0.725 0.6833333333333333 0.721875 0.7027777777777777 0.725 0.7361111111111112 0.72421875 0.7472222222222222 0.72109375 0.7458333333333333 0.71953125 0.7361111111111112 0.715625 0.7444444444444445 0.7125 0.7444444444444445 0.71171875 0.7333333333333333 0.703125 0.6944444444444444 0.70390625 0.6597222222222222 0.709375 0.6472222222222223 0.71015625 0.6375 0.71171875 0.6347222222222222 0.71484375 0.6361111111111111
1 0.2859375 0.6888888888888889 0.2875 0.6916666666666667 0.2875 0.7083333333333334 0.28671875 0.7138888888888889 0.2828125 0.7166666666666667 0.28046875 0.7125 0.28125 0.6916666666666667 0.28515625 0.6888888888888889