1 0.45234375 0.6805555555555556 0.45703125 0.6805555555555556 0.46015625 0.6861111111111111 0.46171875 0.6986111111111111 0.4609375 0.7027777777777777 0.45 0.7041666666666667 0.4484375 0.6875 0.45234375 0.6819444444444445
1 0.43203125 0.6791666666666667 0.4390625 0.6861111111111111 0.440625 0.7041666666666667 0.43828125 0.7069444444444445 0.43046875 0.7055555555555556 0.43203125 0.6805555555555556
1 0.57109375 0.6916666666666667 0.57265625 0.7 0.56875 0.6986111111111111 0.56875 0.6930555555555555 0.5703125 0.6916666666666667
1 0.4234375 0.6708333333333333 0.42265625 0.7055555555555556 0.42109375 0.7083333333333334 0.41484375 0.7055555555555556 0.41484375 0.6791666666666667 0.4171875 0.6708333333333333 0.42265625 0.6708333333333333
1 0.515625 0.6930555555555555 0.0046875 0.016666666666666666
1 0.6234375 0.675 0.63046875 0.6736111111111112 0.628125 0.6777777777777778 0.63046875 0.6888888888888889 0.6296875 0.6972222222222222 0.621875 0.6958333333333333 0.6234375 0.6763888888888889
1 0.6 0.675 0.603125 0.6819444444444445 0.603125 0.6875 0.6015625 0.6986111111111111 0.5984375 0.7013888888888888 0.59453125 0.7013888888888888 0.59296875 0.6916666666666667 0.59453125 0.6805555555555556 0.59921875 0.675
1 0.46328125 0.7013888888888888 0.4625 0.6847222222222222 0.465625 0.6777777777777778 0.46953125 0.6805555555555556 0.4703125 0.6902777777777778 0.46953125 0.7 0.46796875 0.7027777777777777 0.4640625 0.7013888888888888
1 0.33828125 0.6625 0.34140625 0.6652777777777777 0.34375 0.675 0.34140625 0.7152777777777778 0.33984375 0.7180555555555556 0.33515625 0.7180555555555556 0.334375 0.7152777777777778 0.33515625 0.6986111111111111 0.33359375 0.6847222222222222 0.334375 0.6722222222222223 0.3375 0.6638888888888889
1 0.43125 0.675 0.4359375 0.6861111111111111 0.434375 0.6944444444444444 0.4359375 0.7055555555555556 0.43125 0.7083333333333334 0.42734375 0.7069444444444445 0.4265625 0.6888888888888889 0.4265625 0.675 0.428125 0.6722222222222223 0.43046875 0.675
1 0.9171875 0.6347222222222222 0.9234375 0.6458333333333334 0.92578125 0.6666666666666666 0.94296875 0.6791666666666667 0.9734375 0.7541666666666667 0.99609375 0.7916666666666666 0.996875 0.8041666666666667 0.99296875 0.8069444444444445 0.9890625 0.8 0.98359375 0.7986111111111112 0.97734375 0.7888888888888889 0.9703125 0.7861111111111111 0.96328125 0.7722222222222223 0.95546875 0.7694444444444445 0.95703125 0.7805555555555556 0.9609375 0.7875 0.96796875 0.7930555555555555 0.95859375 0.7958333333333333 0.9609375 0.8013888888888889 0.9609375 0.8083333333333333 0.9578125 0.8152777777777778 0.95625 0.8291666666666667 0.9515625 0.8402777777777778 0.94921875 0.8527777777777777 0.9484375 0.8736111111111111 0.9515625 0.9111111111111111 0.95078125 0.9638888888888889 0.95234375 0.9694444444444444 0.95234375 0.9944444444444445 0.95078125 0.9986111111111111 0.9359375 0.9986111111111111 0.9328125 0.9944444444444445 0.9359375 0.9833333333333333 0.9359375 0.9722222222222222 0.93046875 0.95 0.9234375 0.8944444444444445 0.915625 0.8569444444444444 0.91015625 0.8388888888888889 0.9 0.8194444444444444 0.88984375 0.8208333333333333 0.88515625 0.8166666666666667 0.8828125 0.8069444444444445 0.8828125 0.775 0.8875 0.7333333333333333 0.8875 0.7180555555555556 0.8921875 0.6944444444444444 0.90234375 0.6680555555555555 0.9 0.6555555555555556 0.90078125 0.6444444444444445 0.90625 0.6347222222222222 0.91640625 0.6347222222222222
1 0.69609375 0.7416666666666667 0.6984375 0.7388888888888889 0.69921875 0.7208333333333333 0.6953125 0.7027777777777777 0.6953125 0.6666666666666666 0.6984375 0.6541666666666667 0.70390625 0.65 0.7078125 0.6541666666666667 0.7109375 0.6694444444444444 0.7109375 0.6736111111111112 0.703125 0.6875 0.70078125 0.7041666666666667 0.70625 0.7375 0.6984375 0.7486111111111111 0.6953125 0.7472222222222222 0.69609375 0.7430555555555556
1 0.60703125 0.6680555555555555 0.6109375 0.6763888888888889 0.6109375 0.6958333333333333 0.6078125 0.7 0.60078125 0.6958333333333333 0.60234375 0.6708333333333333 0.6046875 0.6666666666666666 0.60625 0.6680555555555555
1 0.49765625 0.6736111111111112 0.50078125 0.6819444444444445 0.50078125 0.7 0.49609375 0.6986111111111111 0.4953125 0.6777777777777778 0.496875 0.675
1 0.49453125 0.6847222222222222 0.4953125 0.6763888888888889 0.4984375 0.6736111111111112 0.50078125 0.6819444444444445 0.50078125 0.7 0.4984375 0.7013888888888888 0.49609375 0.6986111111111111 0.4953125 0.6861111111111111
1 0.45234375 0.6819444444444445 0.45625 0.6819444444444445 0.45703125 0.6861111111111111 0.4546875 0.6930555555555555 0.45625 0.6958333333333333 0.459375 0.6944444444444444 0.4578125 0.7013888888888888 0.44921875 0.7055555555555556 0.446875 0.6916666666666667 0.45234375 0.6833333333333333
1 0.425 0.6708333333333333 0.42890625 0.6708333333333333 0.43125 0.6833333333333333 0.43046875 0.7083333333333334 0.425 0.7097222222222223 0.4234375 0.7069444444444445 0.4234375 0.6763888888888889 0.425 0.6722222222222223
1 0.44296875 0.6847222222222222 0.44765625 0.6888888888888889 0.4484375 0.7027777777777777 0.4421875 0.7069444444444445 0.434375 0.7027777777777777 0.43515625 0.6875 0.4421875 0.6847222222222222
1 0.35390625 0.6694444444444444 0.35703125 0.6819444444444445 0.35625 0.7180555555555556 0.35234375 0.7208333333333333 0.3484375 0.7194444444444444 0.3484375 0.6819444444444445 0.353125 0.6694444444444444
1 0.61953125 0.6652777777777777 0.621875 0.6777777777777778 0.6203125 0.6958333333333333 0.6171875 0.6986111111111111 0.6140625 0.6958333333333333 0.6125 0.6708333333333333 0.615625 0.6638888888888889 0.61875 0.6652777777777777
1 0.7828125 0.6979166666666666 0.01875 0.09583333333333334
1 0.76875 0.6791666666666667 0.7734375 0.6833333333333333 0.77578125 0.7 0.77578125 0.7402777777777778 0.76796875 0.7416666666666667 0.765625 0.7402777777777778 0.7640625 0.7333333333333333 0.76328125 0.7166666666666667 0.76015625 0.7027777777777777 0.76015625 0.6888888888888889 0.76171875 0.6833333333333333 0.76796875 0.6805555555555556
1 0.38984375 0.7055555555555556 0.3890625 0.6819444444444445 0.39140625 0.6777777777777778 0.3953125 0.6777777777777778 0.3984375 0.6847222222222222 0.3984375 0.6902777777777778 0.39609375 0.7055555555555556 0.390625 0.7055555555555556
1 0.69140625 0.6527777777777778 0.6953125 0.6597222222222222 0.69296875 0.6833333333333333 0.69296875 0.6944444444444444 0.69609375 0.6986111111111111 0.6953125 0.7111111111111111 0.68828125 0.7055555555555556 0.68671875 0.6916666666666667 0.6875 0.6833333333333333 0.68515625 0.6708333333333333 0.68515625 0.6583333333333333 0.68828125 0.6527777777777778 0.690625 0.6527777777777778
1 0.50859375 0.6777777777777778 0.51015625 0.6847222222222222 0.51015625 0.6972222222222222 0.50859375 0.7 0.5046875 0.6986111111111111 0.503125 0.6888888888888889 0.50390625 0.6805555555555556 0.5078125 0.6777777777777778
1 0.4734375 0.6763888888888889 0.47578125 0.6847222222222222 0.475 0.7 0.46875 0.7027777777777777 0.4671875 0.6944444444444444 0.46796875 0.6805555555555556 0.47265625 0.6777777777777778
1 0.3765625 0.6666666666666666 0.37890625 0.6847222222222222 0.37734375 0.7055555555555556 0.3734375 0.7097222222222223 0.3703125 0.7069444444444445 0.36953125 0.675 0.37265625 0.6652777777777777 0.37578125 0.6666666666666666
1 0.68125 0.6541666666666667 0.68671875 0.6722222222222223 0.68515625 0.7208333333333333 0.68046875 0.7208333333333333 0.678125 0.7166666666666667 0.67578125 0.6972222222222222 0.67421875 0.6666666666666666 0.6765625 0.6541666666666667 0.68046875 0.6541666666666667
1 0.58046875 0.6791666666666667 0.58359375 0.6791666666666667 0.58671875 0.6847222222222222 0.58671875 0.6986111111111111 0.58125 0.7013888888888888 0.5796875 0.6986111111111111 0.58046875 0.6805555555555556
1 0.86484375 0.6611111111111111 0.8734375 0.6833333333333333 0.87421875 0.6916666666666667 0.884375 0.7125 0.88671875 0.7263888888888889 0.8828125 0.7486111111111111 0.88125 0.7805555555555556 0.88203125 0.8055555555555556 0.8796875 0.8208333333333333 0.88046875 0.8597222222222223 0.87734375 0.8902777777777777 0.87421875 0.8958333333333334 0.86796875 0.8930555555555556 0.8671875 0.8652777777777778 0.85703125 0.8361111111111111 0.84921875 0.7819444444444444 0.84765625 0.7819444444444444 0.8453125 0.7986111111111112 0.84140625 0.7972222222222223 0.8375 0.7861111111111111 0.83828125 0.7541666666666667 0.83984375 0.7486111111111111 0.8390625 0.7333333333333333 0.8421875 0.7111111111111111 0.85390625 0.6861111111111111 0.85546875 0.6666666666666666 0.85859375 0.6611111111111111 0.8640625 0.6611111111111111
1 0.71953125 0.6875 0.725 0.6972222222222222 0.72578125 0.7083333333333334 0.72421875 0.7208333333333333 0.71875 0.7375 0.71875 0.7694444444444445 0.71640625 0.7763888888888889 0.71328125 0.7763888888888889 0.7125 0.7736111111111111 0.7125 0.7583333333333333 0.70546875 0.7388888888888889 0.70390625 0.7208333333333333 0.69921875 0.7138888888888889 0.69921875 0.7013888888888888 0.70234375 0.6861111111111111 0.709375 0.6680555555555555 0.71875 0.6875
1 0.59140625 0.6895833333333333 0.0078125 0.02638888888888889
1 0.70390625 0.65 0.7078125 0.6541666666666667 0.71015625 0.6680555555555555 0.70078125 0.6888888888888889 0.69921875 0.7027777777777777 0.6953125 0.6986111111111111 0.69375 0.6833333333333333 0.69453125 0.6694444444444444 0.69921875 0.6513888888888889 0.703125 0.65
1 0.69609375 0.7111111111111111 0.69296875 0.7013888888888888 0.6890625 0.6722222222222223 0.6921875 0.6569444444444444 0.69921875 0.6541666666666667 0.70078125 0.6847222222222222 0.69921875 0.7027777777777777 0.69609375 0.7097222222222223
1 0.734375 0.6652777777777777 0.74140625 0.6722222222222223 0.7453125 0.6847222222222222 0.7515625 0.6930555555555555 0.75390625 0.7013888888888888 0.75 0.7097222222222223 0.746875 0.7458333333333333 0.74609375 0.7861111111111111 0.74140625 0.7861111111111111 0.7375 0.775 0.73671875 0.7513888888888889 0.728125 0.6958333333333333 0.7296875 0.6694444444444444 0.73359375 0.6666666666666666
1 0.7234375 0.6680555555555555 0.72734375 0.6708333333333333 0.73125 0.6666666666666666 0.7296875 0.6708333333333333 0.73046875 0.6986111111111111 0.73359375 0.7222222222222222 0.73359375 0.7375 0.721875 0.7388888888888889 0.7265625 0.7083333333333334 0.7265625 0.6986111111111111 0.7234375 0.6916666666666667 0.72578125 0.6791666666666667 0.7234375 0.6694444444444444
1 0.78671875 0.6680555555555555 0.79296875 0.675 0.79296875 0.6888888888888889 0.79609375 0.7 0.79296875 0.7097222222222223 0.7890625 0.7041666666666667 0.78671875 0.6930555555555555 0.78671875 0.6694444444444444
1 0.44140625 0.6847222222222222 0.4453125 0.6861111111111111 0.44765625 0.6916666666666667 0.44765625 0.7027777777777777 0.4421875 0.7069444444444445 0.43515625 0.7055555555555556 0.43359375 0.7013888888888888 0.434375 0.6875 0.440625 0.6847222222222222
1 0.42578125 0.6708333333333333 0.425 0.7027777777777777 0.4265625 0.7055555555555556 0.425 0.7083333333333334 0.4203125 0.7083333333333334 0.41796875 0.7013888888888888 0.41875 0.6763888888888889 0.42109375 0.6708333333333333 0.425 0.6708333333333333
1 0.64765625 0.6652777777777777 0.6515625 0.6694444444444444 0.65234375 0.675 0.653125 0.6958333333333333 0.65078125 0.6972222222222222 0.640625 0.6958333333333333 0.6421875 0.6930555555555555 0.64140625 0.6708333333333333 0.64296875 0.6666666666666666 0.646875 0.6652777777777777
1 0.46953125 0.6777777777777778 0.47265625 0.6805555555555556 0.4703125 0.7027777777777777 0.46328125 0.7027777777777777 0.46171875 0.6888888888888889 0.46484375 0.6777777777777778 0.46875 0.6777777777777778