1 0.51171875 0.6569444444444444 0.51640625 0.6763888888888889 0.51484375 0.7083333333333334 0.5125 0.7125 0.5109375 0.7111111111111111 0.50625 0.6833333333333333 0.51171875 0.6583333333333333
1 0.83828125 0.5625 0.8421875 0.5652777777777778 0.8453125 0.5736111111111111 0.846875 0.6083333333333333 0.8515625 0.6166666666666667 0.86640625 0.6319444444444444 0.871875 0.6472222222222223 0.87890625 0.7097222222222223 0.88046875 0.7458333333333333 0.87890625 0.7722222222222223 0.87734375 0.7791666666666667 0.86875 0.7902777777777777 0.8625 0.7888888888888889 0.8609375 0.7916666666666666 0.85390625 0.8222222222222222 0.8546875 0.8638888888888889 0.871875 0.9388888888888889 0.8765625 0.95 0.875 0.9583333333333334 0.86328125 0.9722222222222222 0.85078125 0.9708333333333333 0.85 0.9652777777777778 0.8546875 0.9458333333333333 0.85390625 0.9333333333333333 0.8515625 0.9263888888888889 0.84921875 0.9486111111111111 0.8390625 0.9472222222222222 0.834375 0.9375 0.834375 0.925 0.8375 0.9069444444444444 0.83671875 0.8708333333333333 0.8265625 0.8208333333333333 0.8203125 0.7833333333333333 0.81953125 0.7583333333333333 0.815625 0.7513888888888889 0.81484375 0.7402777777777778 0.8125 0.7416666666666667 0.80703125 0.775 0.79921875 0.7611111111111111 0.80078125 0.7097222222222223 0.80703125 0.6458333333333334 0.8140625 0.6291666666666667 0.82734375 0.6152777777777778 0.828125 0.6125 0.82265625 0.5916666666666667 0.8234375 0.5777777777777777 0.82890625 0.5652777777777778 0.8375 0.5625
1 0.53203125 0.6472222222222223 0.5375 0.6666666666666666 0.534375 0.7125 0.5296875 0.7125 0.52578125 0.6736111111111112 0.52890625 0.65 0.53125 0.6486111111111111
1 0.0921875 0.6430555555555556 0.0984375 0.6597222222222222 0.1015625 0.675 0.1015625 0.6847222222222222 0.09921875 0.6916666666666667 0.09765625 0.7222222222222222 0.09296875 0.7333333333333333 0.09140625 0.7569444444444444 0.0890625 0.7597222222222222 0.0828125 0.7569444444444444 0.0859375 0.7333333333333333 0.08671875 0.7027777777777777 0.08046875 0.6805555555555556 0.0859375 0.6611111111111111 0.08828125 0.6444444444444445 0.09140625 0.6430555555555556
1 0.59921875 0.6319444444444444 0.6015625 0.6402777777777777 0.5984375 0.6486111111111111 0.5984375 0.6625 0.59140625 0.7055555555555556 0.59140625 0.6944444444444444 0.58828125 0.6833333333333333 0.58828125 0.6611111111111111 0.59453125 0.6444444444444445 0.5953125 0.6333333333333333 0.5984375 0.6319444444444444
1 0.92890625 0.5847222222222223 0.9359375 0.5972222222222222 0.9359375 0.6180555555555556 0.94609375 0.6388888888888888 0.9515625 0.6569444444444444 0.95390625 0.6833333333333333 0.9515625 0.7291666666666666 0.95625 0.7625 0.95625 0.7833333333333333 0.953125 0.8083333333333333 0.953125 0.8472222222222222 0.959375 0.8625 0.96875 0.8958333333333334 0.97734375 0.9097222222222222 0.98125 0.9208333333333333 0.984375 0.9611111111111111 0.98203125 0.9694444444444444 0.97734375 0.9736111111111111 0.96953125 0.9708333333333333 0.96796875 0.9527777777777777 0.95625 0.9361111111111111 0.93828125 0.8722222222222222 0.93203125 0.8569444444444444 0.9296875 0.8319444444444445 0.925 0.8138888888888889 0.9234375 0.8180555555555555 0.92265625 0.8388888888888889 0.9265625 0.8958333333333334 0.93046875 0.925 0.9296875 0.9555555555555556 0.928125 0.9583333333333334 0.9203125 0.9569444444444445 0.9078125 0.9513888888888888 0.9046875 0.9472222222222222 0.9046875 0.9416666666666667 0.909375 0.9305555555555556 0.909375 0.9194444444444444 0.90390625 0.8416666666666667 0.91796875 0.8375 0.91953125 0.8305555555555556 0.9140625 0.8166666666666667 0.909375 0.7736111111111111 0.9046875 0.75 0.90625 0.7236111111111111 0.90390625 0.7194444444444444 0.896875 0.7166666666666667 0.89609375 0.7125 0.8984375 0.6583333333333333 0.9015625 0.6458333333333334 0.9109375 0.6388888888888888 0.9140625 0.6333333333333333 0.90703125 0.6111111111111112 0.91015625 0.6 0.91015625 0.5916666666666667 0.9171875 0.5833333333333334 0.928125 0.5847222222222223
1 0.05 0.6430555555555556 0.0546875 0.6486111111111111 0.05546875 0.6569444444444444 0.0625 0.6694444444444444 0.06484375 0.6833333333333333 0.06484375 0.6944444444444444 0.06015625 0.7111111111111111 0.0609375 0.7416666666666667 0.059375 0.7597222222222222 0.05625 0.7611111111111111 0.0546875 0.7583333333333333 0.0546875 0.7277777777777777 0.053125 0.725 0.05 0.725 0.04765625 0.7305555555555555 0.04296875 0.7611111111111111 0.03828125 0.7625 0.0359375 0.7597222222222222 0.04140625 0.7277777777777777 0.040625 0.7 0.0421875 0.6736111111111112 0.046875 0.6611111111111111 0.04609375 0.65 0.04921875 0.6444444444444445
1 0.4390625 0.6541666666666667 0.44375 0.6541666666666667 0.44609375 0.6680555555555555 0.4453125 0.6944444444444444 0.44453125 0.6986111111111111 0.440625 0.6986111111111111 0.43671875 0.675 0.4390625 0.6555555555555556
1 0.1984375 0.6958333333333333 0.19765625 0.6666666666666666 0.19921875 0.6638888888888889 0.203125 0.6638888888888889 0.20625 0.6763888888888889 0.2046875 0.6944444444444444 0.203125 0.6972222222222222 0.19921875 0.6958333333333333
1 0.19765625 0.6680555555555555 0.19921875 0.6708333333333333 0.1984375 0.6916666666666667 0.2 0.6958333333333333 0.19375 0.6986111111111111 0.190625 0.6958333333333333 0.19140625 0.6777777777777778 0.19296875 0.6708333333333333 0.1953125 0.6666666666666666 0.196875 0.6680555555555555
1 0.55 0.6486111111111111 0.55703125 0.6708333333333333 0.55234375 0.7166666666666667 0.5484375 0.7166666666666667 0.54609375 0.6875 0.54296875 0.6736111111111112 0.54296875 0.6666666666666666 0.54921875 0.65
1 0.52109375 0.6527777777777778 0.52578125 0.6652777777777777 0.52578125 0.6944444444444444 0.52265625 0.7097222222222223 0.51796875 0.7097222222222223 0.5171875 0.7069444444444445 0.515625 0.675 0.515625 0.6597222222222222 0.51875 0.6513888888888889 0.5203125 0.6527777777777778
1 0.60390625 0.6416666666666667 0.61484375 0.6805555555555556 0.61484375 0.7055555555555556 0.609375 0.7361111111111112 0.60859375 0.7638888888888888 0.60546875 0.7638888888888888 0.6 0.7569444444444444 0.596875 0.7194444444444444 0.590625 0.7055555555555556 0.59140625 0.6916666666666667 0.596875 0.6763888888888889 0.596875 0.65 0.6015625 0.6402777777777777 0.603125 0.6416666666666667
1 0.63671875 0.6347222222222222 0.6390625 0.6375 0.6390625 0.6458333333333334 0.64375 0.6597222222222222 0.64609375 0.6791666666666667 0.64609375 0.6916666666666667 0.64140625 0.7013888888888888 0.64140625 0.7375 0.6359375 0.7361111111111112 0.63515625 0.7111111111111111 0.63359375 0.7083333333333334 0.6296875 0.7361111111111112 0.6265625 0.7375 0.62578125 0.7194444444444444 0.628125 0.6972222222222222 0.6234375 0.6777777777777778 0.6265625 0.6555555555555556 0.63359375 0.6444444444444445 0.6359375 0.6361111111111111