1 0.10546875 0.6708333333333333 0.11015625 0.6875 0.11015625 0.6958333333333333 0.10703125 0.7013888888888888 0.10703125 0.7222222222222222 0.1046875 0.7263888888888889 0.10078125 0.7263888888888889 0.09765625 0.7194444444444444 0.0984375 0.7041666666666667 0.09453125 0.6902777777777778 0.1015625 0.6722222222222223 0.1046875 0.6708333333333333
1 0.12421875 0.6763888888888889 0.1296875 0.6944444444444444 0.1296875 0.7041666666666667 0.12265625 0.7277777777777777 0.11875 0.7236111111111111 0.11953125 0.7083333333333334 0.115625 0.6972222222222222 0.115625 0.6902777777777778 0.1234375 0.6763888888888889
1 0.36640625 0.6666666666666666 0.36953125 0.6694444444444444 0.36953125 0.6875 0.365625 0.6875 0.3640625 0.6833333333333333 0.365625 0.6680555555555555
1 0.8765625 0.6402777777777777 0.88046875 0.6513888888888889 0.88515625 0.6541666666666667 0.88515625 0.6791666666666667 0.8828125 0.6888888888888889 0.88671875 0.7388888888888889 0.88515625 0.7416666666666667 0.87734375 0.7402777777777778 0.8796875 0.7236111111111111 0.87578125 0.7138888888888889 0.87265625 0.6958333333333333 0.87109375 0.6819444444444445 0.871875 0.6666666666666666 0.86640625 0.6513888888888889 0.86953125 0.6416666666666667 0.87265625 0.6486111111111111 0.87578125 0.6416666666666667
1 0.740625 0.6708333333333333 0.74453125 0.6694444444444444 0.746875 0.6791666666666667 0.74609375 0.7041666666666667 0.74296875 0.7055555555555556 0.73828125 0.6888888888888889 0.740625 0.6722222222222223
1 0.99609375 0.6819444444444445 0.99921875 0.6847222222222222 0.99921875 0.7444444444444445 0.996875 0.7458333333333333 0.98671875 0.7416666666666667 0.98671875 0.7222222222222222 0.98515625 0.7194444444444444 0.9875 0.7041666666666667 0.9875 0.6875 0.99140625 0.6819444444444445 0.9953125 0.6819444444444445
1 0.88671875 0.6680555555555555 0.890625 0.6694444444444444 0.89375 0.6833333333333333 0.90078125 0.6916666666666667 0.90234375 0.7083333333333334 0.90546875 0.7125 0.90859375 0.7236111111111111 0.9078125 0.7263888888888889 0.90234375 0.7263888888888889 0.90078125 0.7236111111111111 0.9 0.7083333333333334 0.89765625 0.7013888888888888 0.89296875 0.7013888888888888 0.8875 0.7069444444444445 0.88359375 0.7041666666666667 0.8828125 0.6888888888888889 0.88671875 0.6694444444444444
1 0.10859375 0.6819444444444445 0.1125 0.6819444444444445 0.11484375 0.6861111111111111 0.11640625 0.7111111111111111 0.11640625 0.7222222222222222 0.1125 0.7277777777777777 0.1078125 0.7263888888888889 0.10625 0.7180555555555556 0.10625 0.6930555555555555 0.10859375 0.6833333333333333
1 0.3625 0.6291666666666667 0.365625 0.6361111111111111 0.365625 0.6458333333333334 0.3609375 0.6513888888888889 0.35390625 0.65 0.35078125 0.6430555555555556 0.35078125 0.6333333333333333 0.35546875 0.6277777777777778 0.36171875 0.6291666666666667
1 0.64765625 0.6597222222222222 0.653125 0.6694444444444444 0.65234375 0.7013888888888888 0.65078125 0.7041666666666667 0.646875 0.7027777777777777 0.646875 0.6944444444444444 0.64375 0.6819444444444445 0.646875 0.6611111111111111
1 0.38125 0.6666666666666666 0.38203125 0.6791666666666667 0.38046875 0.6888888888888889 0.37578125 0.6847222222222222 0.37578125 0.6708333333333333 0.37734375 0.6666666666666666 0.38046875 0.6666666666666666
1 0.75859375 0.7055555555555556 0.7546875 0.6888888888888889 0.7546875 0.6805555555555556 0.759375 0.6666666666666666 0.76171875 0.6666666666666666 0.76328125 0.6888888888888889 0.7625 0.7055555555555556 0.759375 0.7055555555555556
1 0.65703125 0.6625 0.6609375 0.6625 0.66328125 0.6736111111111112 0.66171875 0.7027777777777777 0.6609375 0.7055555555555556 0.65625 0.7041666666666667 0.6546875 0.7013888888888888 0.65390625 0.6708333333333333 0.65703125 0.6638888888888889
1 0.7109375 0.6597222222222222 0.71484375 0.6694444444444444 0.715625 0.6791666666666667 0.71328125 0.7125 0.71015625 0.7097222222222223 0.70625 0.6986111111111111 0.703125 0.7013888888888888 0.70546875 0.6680555555555555 0.71015625 0.6597222222222222
1 0.6875 0.6625 0.69296875 0.675 0.69296875 0.6847222222222222 0.6890625 0.6986111111111111 0.68828125 0.7125 0.68515625 0.7125 0.68125 0.7041666666666667 0.678125 0.6833333333333333 0.68203125 0.6638888888888889 0.68359375 0.6611111111111111 0.68671875 0.6625
1 0.6984375 0.7125 0.69296875 0.6777777777777778 0.69453125 0.6652777777777777 0.6984375 0.6597222222222222 0.703125 0.6666666666666666 0.7046875 0.6736111111111112 0.703125 0.7097222222222223 0.69921875 0.7125
1 0.8203125 0.6777777777777778 0.82890625 0.6777777777777778 0.83046875 0.6986111111111111 0.82421875 0.7069444444444445 0.821875 0.7166666666666667 0.81484375 0.7166666666666667 0.81484375 0.7027777777777777 0.8203125 0.6916666666666667 0.8203125 0.6791666666666667
1 0.81015625 0.6583333333333333 0.81484375 0.6625 0.81640625 0.6680555555555555 0.815625 0.7069444444444445 0.80703125 0.7083333333333334 0.80625 0.6708333333333333 0.81015625 0.6597222222222222