1 0.72421875 0.6527777777777778 0.728125 0.6583333333333333 0.721875 0.6638888888888889 0.721875 0.6777777777777778 0.72421875 0.6986111111111111 0.72734375 0.7083333333333334 0.73203125 0.7138888888888889 0.73046875 0.7194444444444444 0.72578125 0.7194444444444444 0.72265625 0.7152777777777778 0.71640625 0.6902777777777778 0.70859375 0.7027777777777777 0.70859375 0.7125 0.70703125 0.7152777777777778 0.70234375 0.7152777777777778 0.7 0.7111111111111111 0.70078125 0.7027777777777777 0.709375 0.6805555555555556 0.70703125 0.6708333333333333 0.70703125 0.6569444444444444 0.709375 0.6388888888888888 0.71328125 0.6277777777777778 0.7203125 0.6180555555555556 0.7234375 0.6194444444444445 0.7234375 0.625 0.7203125 0.6319444444444444 0.72109375 0.6472222222222223 0.7234375 0.6527777777777778
1 0.89140625 0.6111111111111112 0.8984375 0.625 0.9 0.6347222222222222 0.896875 0.6625 0.89453125 0.6694444444444444 0.88828125 0.6666666666666666 0.88828125 0.6541666666666667 0.88359375 0.6319444444444444 0.88828125 0.6125 0.890625 0.6111111111111112
1 0.28984375 0.6375 0.29609375 0.6569444444444444 0.29375 0.6777777777777778 0.29453125 0.7027777777777777 0.29296875 0.7083333333333334 0.28984375 0.7083333333333334 0.28828125 0.6972222222222222 0.2859375 0.6944444444444444 0.2828125 0.7111111111111111 0.278125 0.7097222222222223 0.28203125 0.6888888888888889 0.28203125 0.6597222222222222 0.28671875 0.6388888888888888 0.2890625 0.6375
1 0.46953125 0.6333333333333333 0.4734375 0.6569444444444444 0.47109375 0.6972222222222222 0.46171875 0.6972222222222222 0.4625 0.6819444444444445 0.4578125 0.6652777777777777 0.459375 0.6430555555555556 0.46328125 0.6347222222222222 0.46875 0.6333333333333333
1 0.02109375 0.7027777777777777 0.021875 0.6930555555555555 0.01875 0.6902777777777778 0.0171875 0.6930555555555555 0.01796875 0.7027777777777777 0.015625 0.7055555555555556 0.0125 0.7041666666666667 0.01171875 0.6986111111111111 0.01015625 0.7055555555555556 0.00546875 0.7041666666666667 0.00859375 0.6861111111111111 0.0078125 0.6666666666666666 0.01171875 0.6583333333333333 0.0125 0.6513888888888889 0.01796875 0.6430555555555556 0.0203125 0.6458333333333334 0.01953125 0.6652777777777777 0.021875 0.6791666666666667 0.021875 0.7027777777777777
1 0.40078125 0.6347222222222222 0.40703125 0.6611111111111111 0.40859375 0.7055555555555556 0.40546875 0.7041666666666667 0.403125 0.6861111111111111 0.40078125 0.6819444444444445 0.3984375 0.6875 0.396875 0.7027777777777777 0.39296875 0.7027777777777777 0.3953125 0.6722222222222223 0.3921875 0.6680555555555555 0.3921875 0.6625 0.396875 0.6388888888888888 0.4 0.6347222222222222
1 0.3109375 0.6388888888888888 0.31640625 0.6569444444444444 0.31640625 0.6680555555555555 0.31171875 0.6847222222222222 0.3140625 0.7097222222222223 0.31015625 0.7111111111111111 0.30703125 0.6972222222222222 0.3046875 0.7027777777777777 0.3046875 0.7097222222222223 0.30078125 0.7125 0.3 0.7069444444444445 0.30234375 0.6958333333333333 0.30078125 0.6638888888888889 0.30625 0.6416666666666667 0.31015625 0.6388888888888888
1 0.46953125 0.6236111111111111 0.4734375 0.6236111111111111 0.478125 0.6388888888888888 0.4765625 0.6722222222222223 0.4734375 0.6819444444444445 0.471875 0.6777777777777778 0.47265625 0.6486111111111111 0.46875 0.6333333333333333 0.46953125 0.625
1 0.63671875 0.6180555555555556 0.6390625 0.6361111111111111 0.63984375 0.6680555555555555 0.63671875 0.6666666666666666 0.6328125 0.6583333333333333 0.6296875 0.6416666666666667 0.63046875 0.6263888888888889 0.63359375 0.6180555555555556 0.6359375 0.6180555555555556
1 0.57421875 0.6180555555555556 0.57734375 0.6222222222222222 0.5796875 0.6347222222222222 0.57734375 0.6680555555555555 0.5734375 0.6694444444444444 0.571875 0.6666666666666666 0.56875 0.6444444444444445 0.56953125 0.6277777777777778 0.5734375 0.6194444444444445
1 0.828125 0.6736111111111112 0.83203125 0.6888888888888889 0.83125 0.6986111111111111 0.82734375 0.6916666666666667 0.82265625 0.675 0.82734375 0.6736111111111112
1 0.52578125 0.6236111111111111 0.5328125 0.6263888888888889 0.5328125 0.6736111111111112 0.528125 0.6777777777777778 0.5265625 0.675 0.52421875 0.6472222222222223 0.52578125 0.625