1 0.32421875 0.6555555555555556 0.32734375 0.6680555555555555 0.3265625 0.6930555555555555 0.325 0.6958333333333333 0.31953125 0.6944444444444444 0.31875 0.6805555555555556 0.31953125 0.6597222222222222 0.32109375 0.6555555555555556 0.3234375 0.6555555555555556
1 0.6640625 0.6541666666666667 0.66953125 0.6694444444444444 0.66953125 0.6861111111111111 0.665625 0.7055555555555556 0.6625 0.7027777777777777 0.6578125 0.675 0.6578125 0.6638888888888889 0.6609375 0.6541666666666667 0.66328125 0.6541666666666667
1 0.88203125 0.6916666666666667 0.88359375 0.7027777777777777 0.88203125 0.7083333333333334 0.87265625 0.7083333333333334 0.8703125 0.6833333333333333 0.8625 0.6597222222222222 0.865625 0.6222222222222222 0.87109375 0.6222222222222222 0.87265625 0.625 0.8765625 0.6513888888888889 0.8765625 0.675 0.88125 0.6916666666666667
1 0.77265625 0.6652777777777777 0.77734375 0.6763888888888889 0.77578125 0.6958333333333333 0.77265625 0.7013888888888888 0.7671875 0.6986111111111111 0.765625 0.6819444444444445 0.76796875 0.6652777777777777 0.771875 0.6652777777777777
1 0.821875 0.6444444444444445 0.825 0.6472222222222223 0.828125 0.6597222222222222 0.828125 0.6833333333333333 0.825 0.7041666666666667 0.81796875 0.7027777777777777 0.81640625 0.6944444444444444 0.815625 0.6569444444444444 0.81796875 0.6472222222222223 0.82109375 0.6444444444444445
1 0.92421875 0.6222222222222222 0.928125 0.6375 0.928125 0.6625 0.92578125 0.6791666666666667 0.928125 0.7 0.921875 0.7055555555555556 0.91796875 0.6916666666666667 0.915625 0.6361111111111111 0.91796875 0.6222222222222222 0.9234375 0.6222222222222222
1 0.9078125 0.6222222222222222 0.9140625 0.6277777777777778 0.915625 0.6333333333333333 0.915625 0.6666666666666666 0.91328125 0.6791666666666667 0.915625 0.6944444444444444 0.91484375 0.7069444444444445 0.9078125 0.7069444444444445 0.9078125 0.6916666666666667 0.90390625 0.6638888888888889 0.90390625 0.6402777777777777 0.90703125 0.6236111111111111
1 0.59921875 0.6583333333333333 0.603125 0.6666666666666666 0.603125 0.6763888888888889 0.60078125 0.6847222222222222 0.60234375 0.7027777777777777 0.59375 0.7013888888888888 0.5921875 0.6680555555555555 0.5984375 0.6583333333333333
1 0.42109375 0.6888888888888889 0.41875 0.6708333333333333 0.42421875 0.6555555555555556 0.4265625 0.6611111111111111 0.42734375 0.6805555555555556 0.421875 0.6888888888888889
1 0.78984375 0.6444444444444445 0.79140625 0.6486111111111111 0.79140625 0.6611111111111111 0.7890625 0.7111111111111111 0.7859375 0.7111111111111111 0.78125 0.6819444444444445 0.7828125 0.6430555555555556 0.78671875 0.6402777777777777 0.7890625 0.6444444444444445
1 0.796875 0.6430555555555556 0.8015625 0.6972222222222222 0.80078125 0.7083333333333334 0.79609375 0.7083333333333334 0.7890625 0.6708333333333333 0.7890625 0.65 0.7921875 0.6430555555555556 0.79609375 0.6430555555555556
1 0.70078125 0.6527777777777778 0.70625 0.6666666666666666 0.7078125 0.6888888888888889 0.7078125 0.7027777777777777 0.70625 0.7055555555555556 0.70234375 0.6986111111111111 0.69609375 0.7027777777777777 0.69609375 0.6666666666666666 0.7 0.6527777777777778
1 0.3375 0.6597222222222222 0.3390625 0.6847222222222222 0.33515625 0.6958333333333333 0.33125 0.6944444444444444 0.328125 0.6736111111111112 0.3296875 0.6666666666666666 0.33671875 0.6597222222222222
1 0.675 0.7027777777777777 0.6734375 0.6666666666666666 0.678125 0.65 0.68515625 0.6638888888888889 0.684375 0.6819444444444445 0.6859375 0.6902777777777778 0.68515625 0.7041666666666667 0.68203125 0.6986111111111111 0.675 0.7041666666666667
1 0.80859375 0.6430555555555556 0.8140625 0.6625 0.8125 0.7027777777777777 0.80859375 0.7097222222222223 0.8046875 0.7083333333333334 0.8015625 0.6986111111111111 0.7984375 0.6708333333333333 0.8 0.6527777777777778 0.80390625 0.6444444444444445 0.8078125 0.6430555555555556