1 0.10703125 0.7069444444444445 0.1125 0.7333333333333333 0.11171875 0.7541666666666667 0.109375 0.7583333333333333 0.0984375 0.7569444444444444 0.0984375 0.7208333333333333 0.1015625 0.7097222222222223 0.10625 0.7069444444444445
1 0.55 0.6611111111111111 0.5515625 0.6638888888888889 0.55 0.6777777777777778 0.5453125 0.675 0.54609375 0.6680555555555555 0.54921875 0.6625
1 0.56171875 0.6638888888888889 0.565625 0.6638888888888889 0.5671875 0.6694444444444444 0.56640625 0.6819444444444445 0.5625 0.6819444444444445 0.5609375 0.6777777777777778 0.56171875 0.6652777777777777
1 0.6265625 0.6625 0.6296875 0.6638888888888889 0.634375 0.6736111111111112 0.63359375 0.6805555555555556 0.6265625 0.6805555555555556 0.625 0.6763888888888889 0.6265625 0.6638888888888889
1 0.07265625 0.6888888888888889 0.075 0.6930555555555555 0.078125 0.7180555555555556 0.075 0.7416666666666667 0.075 0.7680555555555556 0.06953125 0.7722222222222223 0.06484375 0.7708333333333334 0.06171875 0.7138888888888889 0.06640625 0.6902777777777778 0.071875 0.6888888888888889
1 0.18984375 0.7013888888888888 0.19296875 0.7083333333333334 0.19453125 0.7194444444444444 0.19375 0.7333333333333333 0.18984375 0.7458333333333333 0.1859375 0.7430555555555556 0.18671875 0.7291666666666666 0.18515625 0.7208333333333333 0.1859375 0.7055555555555556 0.1890625 0.7013888888888888
1 0.5015625 0.7236111111111111 0.5 0.6777777777777778 0.50390625 0.6680555555555555 0.51015625 0.6722222222222223 0.51171875 0.6888888888888889 0.50859375 0.7222222222222222 0.50703125 0.725 0.50234375 0.7236111111111111
1 0.828125 0.5833333333333334 0.834375 0.5972222222222222 0.83359375 0.6180555555555556 0.840625 0.6361111111111111 0.84921875 0.6930555555555555 0.8484375 0.7013888888888888 0.84609375 0.7055555555555556 0.83828125 0.7041666666666667 0.83671875 0.7069444444444445 0.8328125 0.725 0.83203125 0.7513888888888889 0.8359375 0.7763888888888889 0.8453125 0.7902777777777777 0.84375 0.7958333333333333 0.8359375 0.8027777777777778 0.83203125 0.7986111111111112 0.828125 0.8013888888888889 0.8203125 0.8 0.815625 0.7930555555555555 0.81953125 0.7305555555555555 0.81171875 0.7097222222222223 0.8078125 0.6847222222222222 0.8015625 0.675 0.8046875 0.6333333333333333 0.8078125 0.625 0.815625 0.6180555555555556 0.8203125 0.6097222222222223 0.81796875 0.5944444444444444 0.81875 0.5888888888888889 0.821875 0.5833333333333334 0.82734375 0.5833333333333334
1 0.62421875 0.6777777777777778 0.62734375 0.6847222222222222 0.62265625 0.7111111111111111 0.6203125 0.7055555555555556 0.61328125 0.7027777777777777 0.61171875 0.6916666666666667 0.61328125 0.6819444444444445 0.61640625 0.6763888888888889 0.6203125 0.675 0.6234375 0.6777777777777778
1 0.175 0.6958333333333333 0.18046875 0.7041666666666667 0.18203125 0.7166666666666667 0.17890625 0.7472222222222222 0.17421875 0.7472222222222222 0.17265625 0.7305555555555555 0.16953125 0.7194444444444444 0.1703125 0.7083333333333334 0.17421875 0.6972222222222222
1 0 0.7069444444444445 0.00234375 0.7152777777777778 0.00234375 0.7222222222222222 0 0.7277777777777777 0 0.7083333333333334
1 0.63359375 0.6847222222222222 0.6375 0.6916666666666667 0.6375 0.7 0.63203125 0.7097222222222223 0.62578125 0.7375 0.62421875 0.75 0.6265625 0.7708333333333334 0.625 0.7819444444444444 0.6203125 0.7861111111111111 0.6171875 0.7791666666666667 0.6171875 0.7694444444444445 0.61875 0.7569444444444444 0.621875 0.7486111111111111 0.621875 0.7152777777777778 0.62421875 0.6930555555555555 0.62734375 0.6847222222222222 0.6328125 0.6847222222222222
1 0.6359375 0.6861111111111111 0.6375 0.7 0.63046875 0.7111111111111111 0.6265625 0.7333333333333333 0.6234375 0.7375 0.621875 0.7208333333333333 0.62421875 0.7069444444444445 0.62421875 0.6875 0.62578125 0.6847222222222222 0.63515625 0.6861111111111111
1 0.04453125 0.6972222222222222 0.04765625 0.7013888888888888 0.05546875 0.7333333333333333 0.05546875 0.7583333333333333 0.0484375 0.7652777777777777 0.04609375 0.7805555555555556 0.0390625 0.7777777777777778 0.03984375 0.7652777777777777 0.034375 0.7375 0.03828125 0.7041666666666667 0.04140625 0.6972222222222222 0.04375 0.6972222222222222
1 0.13671875 0.6791666666666667 0.1390625 0.6861111111111111 0.13671875 0.7055555555555556 0.13203125 0.7027777777777777 0.128125 0.6902777777777778 0.128125 0.6847222222222222 0.1359375 0.6791666666666667
1 0.11953125 0.6791666666666667 0.12734375 0.6875 0.13125 0.7 0.13046875 0.7180555555555556 0.12578125 0.7263888888888889 0.125 0.7333333333333333 0.12578125 0.7583333333333333 0.121875 0.7611111111111111 0.115625 0.7541666666666667 0.11484375 0.7333333333333333 0.11015625 0.7138888888888889 0.11171875 0.6972222222222222 0.11875 0.6805555555555556
1 0.159375 0.7083333333333334 0.16171875 0.7180555555555556 0.16171875 0.7444444444444445 0.16015625 0.7472222222222222 0.15234375 0.7458333333333333 0.15078125 0.7291666666666666 0.15078125 0.7194444444444444 0.153125 0.7111111111111111 0.15703125 0.7069444444444445 0.15859375 0.7083333333333334
1 0.015625 0.6847222222222222 0.01953125 0.6888888888888889 0.01953125 0.7041666666666667 0.01484375 0.7055555555555556 0.01328125 0.7027777777777777 0.01484375 0.6861111111111111
1 0.52265625 0.6569444444444444 0.525 0.6583333333333333 0.52734375 0.6694444444444444 0.52578125 0.6819444444444445 0.52265625 0.6819444444444445 0.52265625 0.6583333333333333
1 0.47421875 0.6444444444444445 0.4765625 0.6472222222222223 0.47578125 0.6541666666666667 0.4703125 0.6625 0.46875 0.6597222222222222 0.46875 0.65 0.4734375 0.6444444444444445
1 0.7546875 0.6 0.7609375 0.6055555555555555 0.7640625 0.6194444444444445 0.77265625 0.6361111111111111 0.77734375 0.6513888888888889 0.7796875 0.6722222222222223 0.7796875 0.6916666666666667 0.77578125 0.6986111111111111 0.775 0.7305555555555555 0.77265625 0.7430555555555556 0.76875 0.7458333333333333 0.7671875 0.7541666666666667 0.7671875 0.7652777777777777 0.77109375 0.7791666666666667 0.77109375 0.7861111111111111 0.76875 0.7902777777777777 0.7625 0.7902777777777777 0.753125 0.7819444444444444 0.75390625 0.7472222222222222 0.74140625 0.7111111111111111 0.73828125 0.6861111111111111 0.7421875 0.6402777777777777 0.75 0.6166666666666667 0.75078125 0.6041666666666666 0.75390625 0.6013888888888889
1 0.68359375 0.5972222222222222 0.69140625 0.6125 0.696875 0.6111111111111112 0.7015625 0.6152777777777778 0.70703125 0.6388888888888888 0.7046875 0.6583333333333333 0.7046875 0.6777777777777778 0.7078125 0.6902777777777778 0.7078125 0.7027777777777777 0.703125 0.7208333333333333 0.70546875 0.7652777777777777 0.7046875 0.8097222222222222 0.69609375 0.8138888888888889 0.68671875 0.8138888888888889 0.68203125 0.8083333333333333 0.68203125 0.8041666666666667 0.68828125 0.7958333333333333 0.6875 0.7722222222222223 0.68359375 0.7513888888888889 0.68125 0.7180555555555556 0.6828125 0.6986111111111111 0.6796875 0.6861111111111111 0.67890625 0.6680555555555555 0.66953125 0.6611111111111111 0.66953125 0.6569444444444444 0.67734375 0.65 0.68046875 0.6347222222222222 0.678125 0.6236111111111111 0.671875 0.6208333333333333 0.671875 0.6041666666666666 0.6765625 0.5958333333333333 0.6828125 0.5972222222222222
1 0.08125 0.6944444444444444 0.08515625 0.6986111111111111 0.09140625 0.7138888888888889 0.09375 0.7333333333333333 0.09375 0.7569444444444444 0.0828125 0.7611111111111111 0.0796875 0.7555555555555555 0.0796875 0.7458333333333333 0.0765625 0.7305555555555555 0.078125 0.7 0.08046875 0.6958333333333333
1 0.47734375 0.6708333333333333 0.478125 0.6930555555555555 0.4765625 0.6958333333333333 0.4734375 0.6958333333333333 0.471875 0.6916666666666667 0.47265625 0.6736111111111112 0.4765625 0.6708333333333333
1 0.23046875 0.65 0.2328125 0.6597222222222222 0.23046875 0.6736111111111112 0.228125 0.6638888888888889 0.2296875 0.6513888888888889