1 0.52109375 0.7027777777777777 0.52421875 0.7125 0.5234375 0.7263888888888889 0.52578125 0.7513888888888889 0.51875 0.7388888888888889 0.51484375 0.7444444444444445 0.5125 0.7375 0.51484375 0.7111111111111111 0.51875 0.7013888888888888 0.5203125 0.7027777777777777
1 0.0703125 0.6868055555555556 0.0078125 0.03194444444444444
1 0.59765625 0.6472222222222223 0.6015625 0.65 0.6015625 0.6611111111111111 0.609375 0.6777777777777778 0.60859375 0.6944444444444444 0.6125 0.7152777777777778 0.609375 0.7388888888888889 0.61015625 0.7638888888888888 0.60546875 0.7652777777777777 0.60390625 0.7611111111111111 0.60390625 0.7472222222222222 0.6015625 0.7402777777777778 0.6015625 0.7194444444444444 0.6046875 0.7013888888888888 0.6046875 0.6833333333333333 0.60703125 0.6819444444444445 0.60234375 0.6791666666666667 0.60078125 0.6638888888888889 0.596875 0.6569444444444444 0.59765625 0.6486111111111111
1 0.034765625 0.6895833333333333 0.01015625 0.04027777777777778
1 0.415625 0.6333333333333333 0.42578125 0.6791666666666667 0.42578125 0.6944444444444444 0.42265625 0.7166666666666667 0.425 0.7763888888888889 0.4203125 0.7763888888888889 0.4171875 0.7708333333333334 0.4171875 0.7430555555555556 0.41484375 0.7333333333333333 0.41171875 0.7375 0.4125 0.7722222222222223 0.4109375 0.775 0.40703125 0.7708333333333334 0.40390625 0.7375 0.4046875 0.7277777777777777 0.39921875 0.6680555555555555 0.40234375 0.6555555555555556 0.40703125 0.6472222222222223 0.40859375 0.6361111111111111 0.41171875 0.6319444444444444 0.41484375 0.6333333333333333
1 0.68984375 0.6569444444444444 0.69921875 0.6833333333333333 0.7015625 0.6986111111111111 0.70078125 0.7083333333333334 0.69296875 0.7375 0.69296875 0.7527777777777778 0.69921875 0.8083333333333333 0.69609375 0.8138888888888889 0.6921875 0.8097222222222222 0.6859375 0.7597222222222222 0.68359375 0.7625 0.6828125 0.7763888888888889 0.68359375 0.8111111111111111 0.68203125 0.8138888888888889 0.67734375 0.8111111111111111 0.67578125 0.75 0.67109375 0.7402777777777778 0.67265625 0.7347222222222223 0.66796875 0.7236111111111111 0.66484375 0.7041666666666667 0.67265625 0.6555555555555556 0.67265625 0.6402777777777777 0.678125 0.6333333333333333 0.68203125 0.6333333333333333 0.68515625 0.6388888888888888 0.68515625 0.6486111111111111 0.6890625 0.6569444444444444
1 0.0265625 0.6680555555555555 0.03046875 0.6805555555555556 0.03046875 0.6888888888888889 0.02578125 0.7083333333333334 0.0203125 0.7055555555555556 0.02109375 0.6986111111111111 0.01875 0.6916666666666667 0.01953125 0.6805555555555556 0.02578125 0.6680555555555555
1 0.046875 0.6708333333333333 0.05078125 0.6833333333333333 0.04453125 0.7069444444444445 0.040625 0.7055555555555556 0.0390625 0.6875 0.040625 0.6736111111111112 0.04296875 0.6694444444444444 0.04609375 0.6708333333333333
1 0.29296875 0.6597222222222222 0.30234375 0.6652777777777777 0.3046875 0.6777777777777778 0.30234375 0.6888888888888889 0.29921875 0.7333333333333333 0.29296875 0.7361111111111112 0.29140625 0.725 0.28515625 0.7222222222222222 0.2875 0.6833333333333333 0.29296875 0.6611111111111111
1 0.54453125 0.6430555555555556 0.55390625 0.6666666666666666 0.55390625 0.6819444444444445 0.55078125 0.6986111111111111 0.55078125 0.7333333333333333 0.54765625 0.7513888888888889 0.5453125 0.7541666666666667 0.5359375 0.7458333333333333 0.53671875 0.7305555555555555 0.53984375 0.7166666666666667 0.5390625 0.7013888888888888 0.54140625 0.6902777777777778 0.5390625 0.6555555555555556 0.540625 0.6444444444444445 0.54375 0.6430555555555556
1 0.425 0.6777777777777778 0.4296875 0.6847222222222222 0.43203125 0.7013888888888888 0.43203125 0.7152777777777778 0.42890625 0.7347222222222223 0.425 0.7333333333333333 0.4234375 0.7263888888888889 0.425 0.6791666666666667
1 0.20625 0.675 0.21015625 0.6777777777777778 0.215625 0.6958333333333333 0.21484375 0.7069444444444445 0.21328125 0.7097222222222223 0.21015625 0.7041666666666667 0.20625 0.7069444444444445 0.2046875 0.7041666666666667 0.20234375 0.6958333333333333 0.20234375 0.6805555555555556 0.20546875 0.6763888888888889
1 0.48046875 0.6958333333333333 0.48515625 0.6972222222222222 0.4859375 0.7055555555555556 0.4890625 0.7125 0.48671875 0.7402777777777778 0.48046875 0.7402777777777778 0.47890625 0.725 0.48046875 0.6972222222222222
1 0.4390625 0.6763888888888889 0.44375 0.6805555555555556 0.44375 0.6944444444444444 0.4421875 0.6972222222222222 0.434375 0.6958333333333333 0.4359375 0.6819444444444445 0.43828125 0.6777777777777778
1 0.13359375 0.6763888888888889 0.1390625 0.6916666666666667 0.13671875 0.7 0.1296875 0.6972222222222222 0.12734375 0.6930555555555555 0.12890625 0.6791666666666667 0.1328125 0.6763888888888889
1 0.112109375 0.6854166666666667 0.01015625 0.05138888888888889
1 0.0125 0.6680555555555555 0.01484375 0.6847222222222222 0.0109375 0.7027777777777777 0.00859375 0.7055555555555556 0.00234375 0.7 0.00234375 0.6791666666666667 0.0078125 0.6722222222222223 0.00859375 0.6666666666666666 0.01171875 0.6680555555555555
1 0.16875 0.6805555555555556 0.17265625 0.6847222222222222 0.17421875 0.6958333333333333 0.17109375 0.7055555555555556 0.16484375 0.7097222222222223 0.1609375 0.7083333333333334 0.16171875 0.6888888888888889 0.16796875 0.6805555555555556
1 0.5359375 0.6472222222222223 0.5390625 0.6569444444444444 0.540625 0.6958333333333333 0.53984375 0.7 0.5359375 0.7 0.53359375 0.6916666666666667 0.53203125 0.6916666666666667 0.5296875 0.7138888888888889 0.53671875 0.7194444444444444 0.53671875 0.725 0.534375 0.7291666666666666 0.534375 0.7375 0.5296875 0.7375 0.53125 0.7222222222222222 0.5296875 0.7194444444444444 0.5265625 0.7222222222222222 0.528125 0.7513888888888889 0.52578125 0.7541666666666667 0.5234375 0.7513888888888889 0.5203125 0.7305555555555555 0.52109375 0.7097222222222223 0.51953125 0.7069444444444445 0.51953125 0.6972222222222222 0.52265625 0.6611111111111111 0.52578125 0.6527777777777778 0.53046875 0.6555555555555556 0.53515625 0.6486111111111111
1 0.575 0.6416666666666667 0.57734375 0.6444444444444445 0.58359375 0.6763888888888889 0.578125 0.7222222222222222 0.578125 0.7694444444444445 0.57421875 0.7694444444444445 0.5703125 0.7625 0.56796875 0.7222222222222222 0.5609375 0.6986111111111111 0.5625 0.6708333333333333 0.5671875 0.6597222222222222 0.5671875 0.6513888888888889 0.56953125 0.6444444444444445 0.57421875 0.6416666666666667
1 0.609375 0.6986111111111111 0.61171875 0.6777777777777778 0.6171875 0.6722222222222223 0.61953125 0.6611111111111111 0.628125 0.6402777777777777 0.6328125 0.6361111111111111 0.63671875 0.6430555555555556 0.6359375 0.6541666666666667 0.63984375 0.6666666666666666 0.64453125 0.6958333333333333 0.65390625 0.7208333333333333 0.65390625 0.7291666666666666 0.65234375 0.7305555555555555 0.6484375 0.7291666666666666 0.64375 0.7208333333333333 0.6421875 0.7236111111111111 0.6421875 0.7458333333333333 0.63671875 0.7680555555555556 0.6359375 0.7944444444444444 0.64296875 0.8097222222222222 0.63359375 0.825 0.62421875 0.8208333333333333 0.62578125 0.7736111111111111 0.62421875 0.7486111111111111 0.62109375 0.7263888888888889 0.61171875 0.7125 0.61015625 0.7
1 0.59140625 0.6430555555555556 0.59453125 0.6472222222222223 0.59609375 0.6597222222222222 0.6 0.6638888888888889 0.60234375 0.6722222222222223 0.60234375 0.7125 0.596875 0.7194444444444444 0.59609375 0.7263888888888889 0.596875 0.7555555555555555 0.59921875 0.7666666666666667 0.5921875 0.7680555555555556 0.58828125 0.7652777777777777 0.58671875 0.7597222222222222 0.5875 0.7277777777777777 0.5828125 0.7041666666666667 0.584375 0.6847222222222222 0.58359375 0.6611111111111111 0.5859375 0.6569444444444444 0.5875 0.6458333333333334 0.590625 0.6444444444444445
1 0.24453125 0.6666666666666666 0.24765625 0.6680555555555555 0.2484375 0.6736111111111112 0.24765625 0.6888888888888889 0.24453125 0.7 0.24140625 0.6861111111111111 0.2421875 0.6708333333333333 0.24375 0.6680555555555555