1 0.68515625 0.6111111111111112 0.68828125 0.6138888888888889 0.68984375 0.6263888888888889 0.69765625 0.65 0.6953125 0.6597222222222222 0.69609375 0.6805555555555556 0.69453125 0.6944444444444444 0.69296875 0.6972222222222222 0.6859375 0.6958333333333333 0.68046875 0.6861111111111111 0.68046875 0.6583333333333333 0.6765625 0.65 0.6765625 0.6416666666666667 0.68125 0.6263888888888889 0.68125 0.6166666666666667 0.684375 0.6125
1 0.33828125 0.6569444444444444 0.34296875 0.6666666666666666 0.34453125 0.6777777777777778 0.34140625 0.7083333333333334 0.3390625 0.7125 0.334375 0.7083333333333334 0.334375 0.6666666666666666 0.3375 0.6583333333333333
1 0.25546875 0.6895833333333333 0.0140625 0.07083333333333333
1 0.35546875 0.6680555555555555 0.3578125 0.6847222222222222 0.35703125 0.7097222222222223 0.3515625 0.7111111111111111 0.34921875 0.6916666666666667 0.35 0.675 0.35234375 0.6694444444444444 0.3546875 0.6694444444444444
1 0.7390625 0.6097222222222223 0.74375 0.6236111111111111 0.74453125 0.6333333333333333 0.74921875 0.6402777777777777 0.75234375 0.6527777777777778 0.753125 0.6708333333333333 0.74921875 0.6875 0.74921875 0.7111111111111111 0.74765625 0.7138888888888889 0.7390625 0.7097222222222223 0.73671875 0.6916666666666667 0.72890625 0.6847222222222222 0.728125 0.675 0.725 0.6680555555555555 0.72734375 0.6305555555555555 0.7328125 0.6222222222222222 0.73359375 0.6138888888888889 0.73828125 0.6097222222222223
1 0.30703125 0.6541666666666667 0.3140625 0.6611111111111111 0.315625 0.6680555555555555 0.315625 0.6833333333333333 0.3109375 0.6958333333333333 0.3109375 0.7194444444444444 0.309375 0.7222222222222222 0.30546875 0.7208333333333333 0.30234375 0.6944444444444444 0.30234375 0.6666666666666666 0.30390625 0.6583333333333333 0.30625 0.6555555555555556
1 0.2859375 0.6555555555555556 0.29296875 0.6777777777777778 0.29296875 0.6847222222222222 0.28828125 0.6944444444444444 0.2875 0.7194444444444444 0.2828125 0.7194444444444444 0.27890625 0.6888888888888889 0.27890625 0.675 0.28515625 0.6569444444444444
1 0.24453125 0.6430555555555556 0.25 0.6569444444444444 0.2515625 0.6708333333333333 0.2515625 0.6777777777777778 0.246875 0.6958333333333333 0.24609375 0.7208333333333333 0.24453125 0.7236111111111111 0.2375 0.7222222222222222 0.2375 0.7013888888888888 0.23515625 0.6930555555555555 0.23671875 0.6625 0.23984375 0.6527777777777778 0.23984375 0.6458333333333334 0.24375 0.6430555555555556
1 0.628125 0.6083333333333333 0.6359375 0.6236111111111111 0.640625 0.6472222222222223 0.63984375 0.6611111111111111 0.63359375 0.6777777777777778 0.621875 0.6736111111111112 0.615625 0.6430555555555556 0.61640625 0.6347222222222222 0.62265625 0.6194444444444445 0.6234375 0.6111111111111112 0.62734375 0.6083333333333333
1 0.628125 0.6083333333333333 0.6390625 0.6347222222222222 0.640625 0.6555555555555556 0.63671875 0.6638888888888889 0.62734375 0.6666666666666666 0.6234375 0.6722222222222223 0.615625 0.6472222222222223 0.615625 0.6375 0.621875 0.6208333333333333 0.6234375 0.6111111111111112 0.62734375 0.6083333333333333
1 0.6609375 0.6194444444444445 0.66484375 0.6166666666666667 0.6671875 0.6208333333333333 0.6734375 0.6444444444444445 0.6734375 0.6625 0.66953125 0.6722222222222223 0.66875 0.6875 0.66484375 0.6902777777777778 0.66015625 0.6847222222222222 0.65703125 0.6763888888888889 0.65546875 0.6444444444444445 0.6609375 0.6208333333333333
1 0.73046875 0.6111111111111112 0.734375 0.6111111111111112 0.73515625 0.6180555555555556 0.72734375 0.6347222222222222 0.72578125 0.6638888888888889 0.728125 0.6791666666666667 0.72734375 0.7041666666666667 0.721875 0.7055555555555556 0.71875 0.7027777777777777 0.71484375 0.6930555555555555 0.7140625 0.6833333333333333 0.7109375 0.6777777777777778 0.71328125 0.6694444444444444 0.7171875 0.6680555555555555 0.715625 0.6597222222222222 0.72109375 0.6541666666666667 0.72265625 0.6305555555555555 0.73046875 0.6125