1 0.4359375 0.7375 0.434375 0.7013888888888888 0.43828125 0.6888888888888889 0.44140625 0.6930555555555555 0.44375 0.7083333333333334 0.4421875 0.7375 0.43671875 0.7375
1 0.57109375 0.6902777777777778 0.57421875 0.6916666666666667 0.57265625 0.6972222222222222 0.57265625 0.7319444444444444 0.5671875 0.7333333333333333 0.565625 0.7277777777777777 0.56640625 0.6972222222222222 0.5703125 0.6916666666666667
1 0.5625 0.7 0.56640625 0.7125 0.5671875 0.7305555555555555 0.56640625 0.7333333333333333 0.5609375 0.7347222222222223 0.5578125 0.7305555555555555 0.5578125 0.7027777777777777 0.56171875 0.7
1 0.740625 0.6527777777777778 0.74453125 0.6527777777777778 0.74765625 0.6638888888888889 0.7484375 0.6833333333333333 0.746875 0.7097222222222223 0.74453125 0.7125 0.7390625 0.7097222222222223 0.7359375 0.6777777777777778 0.740625 0.6541666666666667
1 0.38046875 0.6958333333333333 0.384375 0.7055555555555556 0.384375 0.7277777777777777 0.38125 0.7430555555555556 0.375 0.7430555555555556 0.37265625 0.7388888888888889 0.37109375 0.7166666666666667 0.37265625 0.7 0.3796875 0.6958333333333333
1 0.23125 0.7180555555555556 0.234375 0.725 0.23359375 0.7527777777777778 0.23125 0.7611111111111111 0.22421875 0.7611111111111111 0.22265625 0.7569444444444444 0.2234375 0.7236111111111111 0.22578125 0.7194444444444444 0.23046875 0.7180555555555556
1 0.425 0.6944444444444444 0.428125 0.6986111111111111 0.42890625 0.7055555555555556 0.428125 0.7388888888888889 0.425 0.7416666666666667 0.421875 0.7375 0.42109375 0.7041666666666667 0.42421875 0.6958333333333333
1 0.4953125 0.7125 0.496875 0.7277777777777777 0.4953125 0.7319444444444444 0.48671875 0.7291666666666666 0.4875 0.7138888888888889 0.48984375 0.7111111111111111 0.49453125 0.7125
1 0.48046875 0.7138888888888889 0.48359375 0.7222222222222222 0.48203125 0.7305555555555555 0.47578125 0.7305555555555555 0.475 0.7222222222222222 0.4796875 0.7138888888888889
1 0.4015625 0.6958333333333333 0.40859375 0.7055555555555556 0.41015625 0.7222222222222222 0.4078125 0.7319444444444444 0.3984375 0.7388888888888889 0.396875 0.7375 0.39765625 0.6986111111111111 0.40078125 0.6958333333333333
1 0.83125 0.65 0.84296875 0.6541666666666667 0.8484375 0.6625 0.8546875 0.7097222222222223 0.85546875 0.7597222222222222 0.85546875 0.7930555555555555 0.8515625 0.7944444444444444 0.8484375 0.7916666666666666 0.84375 0.7625 0.83828125 0.7486111111111111 0.8359375 0.7541666666666667 0.8328125 0.7861111111111111 0.828125 0.7888888888888889 0.821875 0.7819444444444444 0.8265625 0.7611111111111111 0.82578125 0.7291666666666666 0.82265625 0.7194444444444444 0.8234375 0.6888888888888889 0.828125 0.6611111111111111 0.83203125 0.6541666666666667 0.83125 0.6513888888888889
1 0.51171875 0.7097222222222223 0.515625 0.7125 0.51796875 0.7305555555555555 0.51484375 0.7347222222222223 0.509375 0.7333333333333333 0.509375 0.7152777777777778 0.5109375 0.7111111111111111
1 0.5875 0.7069444444444445 0.59140625 0.7236111111111111 0.59140625 0.7333333333333333 0.5890625 0.7347222222222223 0.58359375 0.7319444444444444 0.58359375 0.7097222222222223 0.58515625 0.7055555555555556 0.58671875 0.7069444444444445
1 0.37890625 0.7402777777777778 0.38046875 0.7305555555555555 0.37890625 0.6958333333333333 0.38359375 0.6944444444444444 0.38671875 0.7013888888888888 0.38671875 0.7291666666666666 0.3859375 0.7375 0.3828125 0.7430555555555556 0.3796875 0.7416666666666667
1 0.2890625 0.6847222222222222 0.29375 0.6875 0.3 0.7055555555555556 0.30078125 0.7138888888888889 0.2984375 0.7472222222222222 0.29921875 0.7611111111111111 0.29765625 0.7638888888888888 0.2890625 0.7652777777777777 0.284375 0.7138888888888889 0.28515625 0.7013888888888888 0.2890625 0.6861111111111111
1 0.39375 0.6972222222222222 0.39765625 0.7069444444444445 0.39609375 0.7402777777777778 0.3921875 0.7430555555555556 0.38828125 0.7402777777777778 0.38671875 0.7083333333333334 0.3890625 0.7 0.39296875 0.6986111111111111
1 0.2765625 0.7583333333333333 0.27578125 0.7430555555555556 0.278125 0.7 0.2828125 0.6847222222222222 0.2875 0.6861111111111111 0.28515625 0.7041666666666667 0.2859375 0.7541666666666667 0.28046875 0.7597222222222222 0.27734375 0.7583333333333333
1 0.45234375 0.6944444444444444 0.45859375 0.7013888888888888 0.45703125 0.7277777777777777 0.45625 0.7319444444444444 0.453125 0.7319444444444444 0.4515625 0.7194444444444444 0.44921875 0.7152777777777778 0.44921875 0.7069444444444445 0.45234375 0.6958333333333333
1 0.57421875 0.6902777777777778 0.5796875 0.7 0.5796875 0.7319444444444444 0.57734375 0.7347222222222223 0.5734375 0.7333333333333333 0.5703125 0.7277777777777777 0.5703125 0.6958333333333333 0.5734375 0.6916666666666667
1 0.734375 0.6875 0.0109375 0.05
1 0.240625 0.7 0.24609375 0.7194444444444444 0.24609375 0.7333333333333333 0.24140625 0.7597222222222222 0.23671875 0.7583333333333333 0.23515625 0.7541666666666667 0.23359375 0.7291666666666666 0.234375 0.7 0.23984375 0.7
1 0.19921875 0.6833333333333333 0.2015625 0.6986111111111111 0.2015625 0.7277777777777777 0.1984375 0.7597222222222222 0.19296875 0.7652777777777777 0.18984375 0.7638888888888888 0.1875 0.7208333333333333 0.1875 0.7069444444444445 0.18984375 0.6972222222222222 0.1953125 0.6861111111111111 0.1984375 0.6847222222222222
1 0.203125 0.7111111111111111 0.20546875 0.7166666666666667 0.2109375 0.7180555555555556 0.2078125 0.7611111111111111 0.1984375 0.7611111111111111 0.20078125 0.7416666666666667 0.2 0.7263888888888889 0.20234375 0.7125
1 0.78984375 0.6513888888888889 0.79921875 0.6625 0.8046875 0.6861111111111111 0.803125 0.725 0.79921875 0.7402777777777778 0.7984375 0.7833333333333333 0.8 0.7958333333333333 0.79765625 0.8 0.790625 0.7972222222222223 0.790625 0.7847222222222222 0.78515625 0.7458333333333333 0.78125 0.7347222222222223 0.78046875 0.7111111111111111 0.77109375 0.6930555555555555 0.771875 0.6791666666666667 0.78125 0.65 0.78671875 0.6472222222222223 0.7890625 0.6513888888888889
1 0.606640625 0.7069444444444445 0.01484375 0.06666666666666667
1 0.721484375 0.675 0.01328125 0.044444444444444446
1 0.63671875 0.6736111111111112 0.640625 0.6791666666666667 0.64375 0.6930555555555555 0.64453125 0.7319444444444444 0.640625 0.7347222222222223 0.63203125 0.7291666666666666 0.63203125 0.6944444444444444 0.63359375 0.6791666666666667 0.6359375 0.675