1 0.0671875 0.6375 0.06953125 0.6416666666666667 0.06953125 0.6513888888888889 0.06796875 0.6638888888888889 0.06484375 0.6680555555555555 0.0625 0.6652777777777777 0.0609375 0.6416666666666667 0.06640625 0.6375
1 0.69609375 0.6416666666666667 0.7 0.6402777777777777 0.7015625 0.6430555555555556 0.7109375 0.6763888888888889 0.7109375 0.6847222222222222 0.7046875 0.7055555555555556 0.70625 0.7472222222222222 0.69453125 0.7472222222222222 0.69296875 0.7388888888888889 0.69453125 0.7180555555555556 0.68828125 0.6958333333333333 0.6875 0.6680555555555555 0.69453125 0.6541666666666667 0.69609375 0.6430555555555556
1 0.3171875 0.6333333333333333 0.321875 0.6402777777777777 0.31953125 0.6763888888888889 0.3171875 0.6791666666666667 0.309375 0.6791666666666667 0.30703125 0.6763888888888889 0.31171875 0.6569444444444444 0.3125 0.6444444444444445 0.31640625 0.6347222222222222
1 0.07890625 0.6319444444444444 0.08125 0.6361111111111111 0.08203125 0.65 0.078125 0.6652777777777777 0.07265625 0.6625 0.07421875 0.6388888888888888 0.078125 0.6319444444444444
1 0.54765625 0.6541666666666667 0.5515625 0.6458333333333334 0.55390625 0.6458333333333334 0.55703125 0.6541666666666667 0.5484375 0.6541666666666667
1 0.15 0.6361111111111111 0.1515625 0.6416666666666667 0.15078125 0.6611111111111111 0.146875 0.6611111111111111 0.1453125 0.6513888888888889 0.14609375 0.6375 0.14921875 0.6361111111111111
1 0.219921875 0.6513888888888889 0.00859375 0.041666666666666664
1 0.0984375 0.6708333333333333 0.096875 0.6458333333333334 0.1015625 0.6319444444444444 0.10625 0.6430555555555556 0.10625 0.65 0.10390625 0.6680555555555555 0.09921875 0.6708333333333333
1 0.02578125 0.6347222222222222 0.0296875 0.6458333333333334 0.02890625 0.6652777777777777 0.02421875 0.6680555555555555 0.0203125 0.6625 0.021875 0.6375 0.025 0.6361111111111111
1 0.26171875 0.6430555555555556 0.26328125 0.6722222222222223 0.26015625 0.6791666666666667 0.25546875 0.675 0.25546875 0.6569444444444444 0.2578125 0.6444444444444445 0.2609375 0.6430555555555556
1 0.5828125 0.6486111111111111 0.5859375 0.6569444444444444 0.58671875 0.6708333333333333 0.58046875 0.6708333333333333 0.578125 0.6638888888888889 0.57734375 0.65 0.57890625 0.6472222222222223 0.58203125 0.6486111111111111
1 0.6125 0.6611111111111111 0.615625 0.6611111111111111 0.61640625 0.6638888888888889 0.61640625 0.675 0.61328125 0.6763888888888889 0.6125 0.6625
1 0.6296875 0.6597222222222222 0.63125 0.6611111111111111 0.63046875 0.6763888888888889 0.6265625 0.675 0.6265625 0.6611111111111111 0.62890625 0.6611111111111111
1 0.59921875 0.6430555555555556 0.6015625 0.6486111111111111 0.6015625 0.6652777777777777 0.5984375 0.6666666666666666 0.596875 0.6638888888888889 0.5984375 0.6444444444444445
1 0.6296875 0.6472222222222223 0.63203125 0.65 0.6328125 0.6569444444444444 0.6296875 0.6763888888888889 0.6265625 0.6708333333333333 0.625 0.6569444444444444 0.62578125 0.6513888888888889 0.62890625 0.6486111111111111
1 0.2671875 0.6388888888888888 0.26953125 0.6555555555555556 0.26640625 0.6638888888888889 0.26640625 0.6694444444444444 0.26875 0.6777777777777778 0.26328125 0.6736111111111112 0.2640625 0.6638888888888889 0.2609375 0.6430555555555556 0.26640625 0.6388888888888888