1 0.85859375 0.6041666666666666 0.8609375 0.6152777777777778 0.86953125 0.6333333333333333 0.86796875 0.6430555555555556 0.87109375 0.65 0.86640625 0.6708333333333333 0.859375 0.6680555555555555 0.8546875 0.6486111111111111 0.85234375 0.6083333333333333 0.85390625 0.6041666666666666 0.8578125 0.6041666666666666
1 0.6375 0.6138888888888889 0.6421875 0.6277777777777778 0.63984375 0.6638888888888889 0.63828125 0.6652777777777777 0.6328125 0.6638888888888889 0.63046875 0.6361111111111111 0.634375 0.6166666666666667 0.63671875 0.6138888888888889
1 0.108203125 0.6798611111111111 0.01796875 0.07083333333333333
1 0.9 0.6180555555555556 0.9046875 0.6277777777777778 0.9046875 0.6458333333333334 0.9015625 0.6708333333333333 0.89375 0.6680555555555555 0.89296875 0.6555555555555556 0.8890625 0.6430555555555556 0.8921875 0.6222222222222222 0.89609375 0.6166666666666667 0.89921875 0.6180555555555556
1 0.32578125 0.6347222222222222 0.33046875 0.6541666666666667 0.3265625 0.6777777777777778 0.32734375 0.6888888888888889 0.33203125 0.7069444444444445 0.3265625 0.7069444444444445 0.32265625 0.6958333333333333 0.31953125 0.6930555555555555 0.315625 0.7027777777777777 0.3171875 0.7097222222222223 0.3109375 0.7083333333333334 0.31171875 0.6916666666666667 0.315625 0.6847222222222222 0.31328125 0.6625 0.31640625 0.6472222222222223 0.325 0.6347222222222222
1 0.51171875 0.6777777777777778 0.5125 0.6611111111111111 0.51015625 0.6361111111111111 0.5140625 0.6222222222222222 0.51640625 0.6222222222222222 0.5203125 0.6319444444444444 0.51875 0.6541666666666667 0.52109375 0.675 0.5125 0.6777777777777778
1 0.151171875 0.6798611111111111 0.01328125 0.07083333333333333
1 0.91484375 0.6138888888888889 0.91953125 0.6319444444444444 0.91796875 0.6694444444444444 0.91640625 0.6722222222222223 0.9109375 0.6708333333333333 0.909375 0.6527777777777778 0.90625 0.6444444444444445 0.90703125 0.6263888888888889 0.9109375 0.6152777777777778 0.9140625 0.6138888888888889
1 0.8328125 0.6208333333333333 0.840625 0.6361111111111111 0.84375 0.6638888888888889 0.83125 0.6708333333333333 0.82421875 0.6638888888888889 0.82109375 0.6388888888888888 0.82734375 0.6194444444444445 0.83203125 0.6208333333333333
1 0.79140625 0.6152777777777778 0.80078125 0.6361111111111111 0.8015625 0.6555555555555556 0.79375 0.6652777777777777 0.80390625 0.6708333333333333 0.8046875 0.6888888888888889 0.8 0.6902777777777778 0.79609375 0.6833333333333333 0.79375 0.6847222222222222 0.79140625 0.6930555555555555 0.7921875 0.7 0.78984375 0.7138888888888889 0.78515625 0.7125 0.78828125 0.6791666666666667 0.78515625 0.6569444444444444 0.78671875 0.6180555555555556 0.790625 0.6152777777777778
1 0.38515625 0.6319444444444444 0.38828125 0.6388888888888888 0.38984375 0.6638888888888889 0.3890625 0.6902777777777778 0.39296875 0.7097222222222223 0.3796875 0.7111111111111111 0.378125 0.7055555555555556 0.3796875 0.7013888888888888 0.38046875 0.6805555555555556 0.3765625 0.6583333333333333 0.38203125 0.6347222222222222 0.384375 0.6319444444444444
1 0.52578125 0.6208333333333333 0.5296875 0.6263888888888889 0.5296875 0.6333333333333333 0.5328125 0.6416666666666667 0.53125 0.675 0.5296875 0.6777777777777778 0.525 0.675 0.525 0.6652777777777777 0.51953125 0.6513888888888889 0.52109375 0.6291666666666667 0.525 0.6222222222222222