1 0.4636054421768708 0.19366715758468336 0.4775510204081633 0.24153166421207659 0.47619047619047616 0.25846833578792344 0.4666666666666667 0.2761413843888071 0.4642857142857143 0.2864506627393225 0.458843537414966 0.28865979381443296 0.45136054421768707 0.2849779086892489 0.45136054421768707 0.26730486008836524 0.44727891156462585 0.25846833578792344 0.4465986394557823 0.24889543446244478 0.4486394557823129 0.2268041237113402 0.4574829931972789 0.20986745213549338 0.45850340136054424 0.195139911634757 0.463265306122449 0.19366715758468336
1 0.6925170068027211 0.27393225331369664 0.6969387755102041 0.27540500736377027 0.6996598639455782 0.2857142857142857 0.6959183673469388 0.34536082474226804 0.7030612244897959 0.35346097201767307 0.6993197278911565 0.38291605301914583 0.7 0.4005891016200295 0.6986394557823129 0.4005891016200295 0.6959183673469388 0.38807069219440354 0.6925170068027211 0.390279823269514 0.6877551020408164 0.38365243004418265 0.6843537414965987 0.36671575846833576 0.6870748299319728 0.33431516936671574 0.685374149659864 0.3181148748159057 0.6874149659863945 0.2820324005891016 0.6921768707482994 0.27466863033873345
1 0.5448979591836735 0.22827687776141384 0.5476190476190477 0.23122238586156113 0.5540816326530612 0.2555228276877761 0.5537414965986395 0.2650957290132548 0.5486394557823129 0.2702503681885125 0.539795918367347 0.2695139911634757 0.5374149659863946 0.2650957290132548 0.541156462585034 0.23343151693667158 0.5445578231292517 0.22827687776141384
1 0.710204081632653 0.2665684830633284 0.7129251700680272 0.27172312223858613 0.7149659863945578 0.2857142857142857 0.7217687074829932 0.29823269513991163 0.7217687074829932 0.3173784977908689 0.7122448979591837 0.3225331369661267 0.7030612244897959 0.33652430044182624 0.6982993197278912 0.3328424153166421 0.6976190476190476 0.31516936671575846 0.7003401360544218 0.296759941089838 0.704421768707483 0.28939617083946984 0.7030612244897959 0.27908689248895435 0.7051020408163265 0.26877761413843887 0.7098639455782313 0.2665684830633284
1 0.4085034013605442 0.18483063328424154 0.4122448979591837 0.18851251840942562 0.41258503401360547 0.19882179675994108 0.4166666666666667 0.20839469808541974 0.41496598639455784 0.23858615611192932 0.4091836734693878 0.22017673048600883 0.3989795918367347 0.20986745213549338 0.4030612244897959 0.18924889543446244 0.40816326530612246 0.18483063328424154
1 0.7112244897959183 0.26804123711340205 0.714625850340136 0.2864506627393225 0.7214285714285714 0.2974963181148748 0.7217687074829932 0.3159057437407953 0.7125850340136054 0.3232695139911635 0.7074829931972789 0.3328424153166421 0.7040816326530612 0.36229749631811486 0.6996598639455782 0.37260677466863035 0.7023809523809523 0.3799705449189985 0.7 0.4020618556701031 0.6952380952380952 0.3873343151693667 0.6993197278911565 0.37260677466863035 0.6972789115646258 0.36892488954344627 0.6962585034013605 0.3541973490427099 0.6928571428571428 0.3483063328424153 0.6955782312925171 0.3328424153166421 0.6945578231292517 0.32032400589101623 0.6969387755102041 0.29528718703976436 0.7040816326530612 0.28939617083946984 0.7034013605442176 0.27835051546391754 0.7054421768707483 0.26730486008836524 0.7108843537414966 0.26804123711340205
1 0.31054421768707485 0.18556701030927836 0.31564625850340133 0.19145802650957292 0.31666666666666665 0.20618556701030927 0.3119047619047619 0.21207658321060383 0.30714285714285716 0.2268041237113402 0.3047619047619048 0.22312223858615612 0.30680272108843537 0.1958762886597938 0.31020408163265306 0.18630338733431517
1 0.43197278911564624 0.21575846833578793 0.43333333333333335 0.21944035346097202 0.4336734693877551 0.24153166421207659 0.4312925170068027 0.2533136966126657 0.42993197278911566 0.27982326951399117 0.4268707482993197 0.2864506627393225 0.42108843537414964 0.28350515463917525 0.41904761904761906 0.2547864506627393 0.4159863945578231 0.24079528718703977 0.4163265306122449 0.2260677466863034 0.4227891156462585 0.1958762886597938 0.42585034013605444 0.19661266568483063 0.4316326530612245 0.21575846833578793
1 0.6877551020408164 0.2621502209131075 0.6908163265306122 0.2761413843888071 0.6870748299319728 0.30927835051546393 0.686734693877551 0.34167893961708395 0.6843537414965987 0.3549337260677467 0.6782312925170068 0.3475699558173785 0.6775510204081633 0.3232695139911635 0.6744897959183673 0.29896907216494845 0.6785714285714286 0.27835051546391754 0.682312925170068 0.27540500736377027 0.6826530612244898 0.26804123711340205 0.685374149659864 0.2614138438880707 0.6874149659863945 0.2621502209131075
1 0.1336734693877551 0.2106038291605302 0.13639455782312926 0.21281296023564064 0.13979591836734695 0.2260677466863034 0.141156462585034 0.24079528718703977 0.141156462585034 0.25625920471281294 0.1357142857142857 0.2864506627393225 0.1336734693877551 0.28939617083946984 0.12891156462585035 0.2864506627393225 0.13299319727891157 0.2496318114874816 0.12755102040816327 0.22974963181148747 0.12959183673469388 0.2187039764359352 0.13333333333333333 0.211340206185567
1 0.6540816326530612 0.2503681885125184 0.6666666666666666 0.2923416789396171 0.6666666666666666 0.29970544918998526 0.654421768707483 0.3136966126656848 0.6517006802721088 0.3070692194403535 0.6517006802721088 0.29970544918998526 0.6452380952380953 0.28718703976435933 0.6482993197278911 0.25773195876288657 0.6503401360544218 0.2511045655375552 0.6537414965986394 0.2503681885125184