1 0.6265306122448979 0.3748159057437408 0.6295918367346939 0.37776141384388806 0.6333333333333333 0.38880706921944036 0.6343537414965986 0.39911634756995584 0.6312925170068027 0.41458026509572904 0.6302721088435375 0.43888070692194403 0.6231292517006802 0.4263622974963181 0.6244897959183674 0.4182621502209131 0.6238095238095238 0.390279823269514 0.6261904761904762 0.3755522827687776
1 0.3346938775510204 0.3865979381443299 0.33639455782312927 0.4108983799705449 0.33129251700680273 0.4116347569955817 0.3295918367346939 0.4072164948453608 0.33231292517006805 0.390279823269514 0.33435374149659863 0.3873343151693667
1 0.011224489795918367 0.39248895434462444 0.014625850340136054 0.39764359351988215 0.017687074829931974 0.4182621502209131 0.01292517006802721 0.41973490427098675 0.004081632653061225 0.4182621502209131 0.006122448979591836 0.3946980854197349 0.010884353741496598 0.39248895434462444
1 0.7445578231292517 0.3711340206185567 0.7465986394557823 0.38365243004418265 0.7459183673469387 0.4072164948453608 0.7394557823129252 0.40795287187039764 0.7377551020408163 0.40427098674521356 0.7380952380952381 0.38365243004418265 0.7414965986394558 0.37334315169366716 0.7442176870748299 0.37187039764359353
1 0.5989795918367347 0.38144329896907214 0.6010204081632653 0.38365243004418265 0.6010204081632653 0.3939617083946981 0.5986394557823129 0.41310751104565535 0.5965986394557823 0.4108983799705449 0.5959183673469388 0.4005891016200295 0.5962585034013606 0.3873343151693667 0.5986394557823129 0.38144329896907214
1 0.2897959183673469 0.3946980854197349 0.2935374149659864 0.3917525773195876 0.29489795918367345 0.39764359351988215 0.29489795918367345 0.40942562592047127 0.2931972789115646 0.41458026509572904 0.28843537414965986 0.4101620029455081 0.28809523809523807 0.4013254786450663 0.2897959183673469 0.3954344624447717
1 0.5918367346938775 0.3696612665684831 0.5959183673469388 0.3784977908689249 0.5942176870748299 0.4108983799705449 0.5897959183673469 0.4108983799705449 0.5894557823129252 0.3807069219440353 0.5914965986394558 0.3703976435935199
1 0.7185374149659864 0.38181148748159055 0.007142857142857143 0.03460972017673049
1 0.5710884353741497 0.37260677466863035 0.5748299319727891 0.3711340206185567 0.577891156462585 0.37628865979381443 0.5799319727891157 0.390279823269514 0.5795918367346938 0.4182621502209131 0.577891156462585 0.4263622974963181 0.5744897959183674 0.4256259204712813 0.5714285714285714 0.39764359351988215 0.5710884353741497 0.37334315169366716
1 0.5636054421768707 0.3593519882179676 0.5639455782312925 0.3703976435935199 0.5615646258503402 0.3748159057437408 0.558843537414966 0.37187039764359353 0.558843537414966 0.36156111929307805 0.560204081632653 0.35787923416789397 0.563265306122449 0.3593519882179676
1 0.5850340136054422 0.36818851251840945 0.5884353741496599 0.3696612665684831 0.5897959183673469 0.37628865979381443 0.5894557823129252 0.38807069219440354 0.5850340136054422 0.4005891016200295 0.5850340136054422 0.40795287187039764 0.5836734693877551 0.4072164948453608 0.5843537414965987 0.4005891016200295 0.5819727891156462 0.390279823269514 0.582312925170068 0.374079528718704 0.5846938775510204 0.36892488954344627
1 0.7112244897959183 0.3645066273932253 0.7136054421768707 0.37260677466863035 0.7136054421768707 0.3865979381443299 0.710204081632653 0.39837997054491897 0.7074829931972789 0.38365243004418265 0.7074829931972789 0.3703976435935199 0.7085034013605442 0.36524300441826213 0.7108843537414966 0.3645066273932253
0 0.4465986394557823 0.41899852724594994 0.45034013605442175 0.42488954344624447 0.4530612244897959 0.4491899852724595 0.4496598639455782 0.5095729013254786 0.45034013605442175 0.5213549337260678 0.4425170068027211 0.5213549337260678 0.4391156462585034 0.5257731958762887 0.44013605442176873 0.4631811487481591 0.4384353741496599 0.45581737849779086 0.4387755102040816 0.4418262150220913 0.44625850340136053 0.41899852724594994