1 0.9530612244897959 0.31958762886597936 0.9578231292517007 0.3247422680412371 0.9615646258503401 0.34241531664212077 0.9619047619047619 0.35787923416789397 0.9585034013605442 0.374079528718704 0.9585034013605442 0.3865979381443299 0.954421768707483 0.390279823269514 0.9452380952380952 0.390279823269514 0.9431972789115646 0.3696612665684831 0.9391156462585034 0.3556701030927835 0.9455782312925171 0.3402061855670103 0.9479591836734694 0.3276877761413844 0.9527210884353742 0.32032400589101623
1 0.541156462585034 0.5228276877761414 0.5482993197278911 0.5360824742268041 0.5496598639455782 0.5640648011782032 0.560204081632653 0.6163475699558174 0.5608843537414966 0.6296023564064801 0.5506802721088435 0.6502209131075111 0.5486394557823129 0.6620029455081001 0.5401360544217687 0.666421207658321 0.5119047619047619 0.6634756995581738 0.5085034013605442 0.6605301914580265 0.5078231292517007 0.6509572901325479 0.513265306122449 0.6067746686303387 0.5149659863945578 0.5706921944035346 0.5329931972789116 0.5272459499263623 0.5360544217687074 0.5220913107511046 0.5408163265306123 0.5228276877761414
1 0.9812925170068028 0.4219440353460972 0.9863945578231292 0.43446244477172313 0.9880952380952381 0.4565537555228277 0.992517006802721 0.4683357879234168 0.9952380952380953 0.48600883652430044 0.9918367346938776 0.5353460972017673 0.9843537414965986 0.5964653902798233 0.967687074829932 0.5927835051546392 0.9649659863945578 0.5891016200294551 0.9663265306122449 0.5493372606774669 0.963265306122449 0.540500736377025 0.964625850340136 0.5176730486008837 0.9622448979591837 0.508100147275405 0.9659863945578231 0.4808541973490427 0.9734693877551021 0.45949926362297494 0.9734693877551021 0.4270986745213549 0.976530612244898 0.42047128129602357 0.9809523809523809 0.4219440353460972
1 0.9996598639455783 0.40353460972017674 0.9996598639455783 0.49410898379970547 0.9948979591836735 0.49779086892488955 0.995578231292517 0.5022091310751104 0.9996598639455783 0.5036818851251841 0.9996598639455783 0.5957290132547864 0.9959183673469387 0.5994108983799705 0.9901360544217687 0.5986745213549337 0.9870748299319728 0.5957290132547864 0.9863945578231292 0.5905743740795287 0.9945578231292517 0.5014727540500736 0.992517006802721 0.4698085419734904 0.9874149659863946 0.4528718703976436 0.991156462585034 0.43961708394698085 0.9891156462585035 0.4182621502209131 0.9908163265306122 0.4072164948453608 0.9935374149659864 0.40353460972017674 0.9993197278911564 0.40353460972017674
1 0.6265306122448979 0.29896907216494845 0.6306122448979592 0.3004418262150221 0.6340136054421769 0.31516936671575846 0.632312925170068 0.3483063328424153 0.6299319727891156 0.35272459499263625 0.6241496598639455 0.35125184094256257 0.6224489795918368 0.31516936671575846 0.6265306122448979 0.29970544918998526
1 0.33231292517006805 0.3011782032400589 0.33129251700680273 0.31443298969072164 0.3326530612244898 0.3446244477172312 0.32482993197278914 0.3475699558173785 0.32142857142857145 0.35640648011782033 0.3183673469387755 0.3475699558173785 0.3193877551020408 0.3232695139911635 0.32789115646258504 0.30338733431516934 0.33197278911564626 0.3011782032400589
1 0.9921768707482993 0.34536082474226804 0.995578231292517 0.3475699558173785 0.9996598639455783 0.35714285714285715 0.9996598639455783 0.38807069219440354 0.9908163265306122 0.38807069219440354 0.9870748299319728 0.38438880706921946 0.9863945578231292 0.35346097201767307 0.9918367346938776 0.34536082474226804
1 0.6741496598639456 0.48674521354933725 0.6833333333333333 0.5 0.686734693877551 0.5147275405007363 0.6833333333333333 0.5640648011782032 0.6925170068027211 0.5824742268041238 0.6935374149659864 0.5920471281296024 0.6925170068027211 0.5957290132547864 0.6683673469387755 0.6060382916053019 0.6489795918367347 0.6104565537555229 0.6459183673469387 0.6097201767304861 0.645578231292517 0.605301914580265 0.6496598639455783 0.5868924889543446 0.6517006802721088 0.5537555228276878 0.6598639455782312 0.5051546391752577 0.6666666666666666 0.48600883652430044 0.6738095238095239 0.48674521354933725
1 0.7409863945578231 0.329160530191458 0.014625850340136054 0.029455081001472753
1 0.7238095238095238 0.49779086892488955 0.7306122448979592 0.5095729013254786 0.7333333333333333 0.5250368188512519 0.7323129251700681 0.5493372606774669 0.7268707482993197 0.5684830633284241 0.7343537414965986 0.5802650957290133 0.7357142857142858 0.5883652430044183 0.7017006802721089 0.5957290132547864 0.6952380952380952 0.5957290132547864 0.6942176870748299 0.5927835051546392 0.6955782312925171 0.5810014727540501 0.7027210884353742 0.5633284241531664 0.7013605442176871 0.5051546391752577 0.7040816326530612 0.5007363770250368 0.7153061224489796 0.4955817378497791 0.7234693877551021 0.49779086892488955
1 0.860204081632653 0.312960235640648 0.8636054421768707 0.32106038291605304 0.8646258503401361 0.35640648011782033 0.8527210884353742 0.36671575846833576 0.8510204081632653 0.3645066273932253 0.8510204081632653 0.3379970544918999 0.85578231292517 0.31516936671575846 0.8598639455782313 0.312960235640648