1 0.7064625850340136 0.12297496318114874 0.710204081632653 0.1170839469808542 0.7081632653061225 0.10235640648011782 0.7142857142857143 0.08100147275405008 0.717687074829932 0.07363770250368189 0.7224489795918367 0.07658321060382917 0.7231292517006803 0.093519882179676 0.7163265306122449 0.1568483063328424 0.7166666666666667 0.17599410898379972 0.7136054421768707 0.17525773195876287 0.7112244897959183 0.16642120765832105 0.7068027210884353 0.12297496318114874
1 0.6931972789115646 0.1170839469808542 0.6976190476190476 0.12150220913107511 0.7013605442176871 0.13402061855670103 0.6935374149659864 0.14580265095729014 0.6908163265306122 0.15979381443298968 0.689795918367347 0.18409425625920472 0.685374149659864 0.19219440353460973 0.682312925170068 0.19072164948453607 0.6819727891156463 0.187039764359352 0.6836734693877551 0.1715758468335788 0.6877551020408164 0.16126656848306334 0.6857142857142857 0.15022091310751104 0.6860544217687075 0.12886597938144329 0.6891156462585034 0.11782032400589101 0.6928571428571428 0.1170839469808542
1 0.6945578231292517 0.12002945508100148 0.6996598639455782 0.12592047128129602 0.7013605442176871 0.13696612665684832 0.6931972789115646 0.14580265095729014 0.6901360544217687 0.15905743740795286 0.689795918367347 0.18114874815905743 0.6860544217687075 0.19072164948453607 0.6826530612244898 0.18924889543446244 0.6833333333333333 0.17452135493372606 0.6880952380952381 0.16126656848306334 0.6857142857142857 0.15022091310751104 0.6857142857142857 0.13033873343151695 0.6891156462585034 0.11929307805596466 0.6942176870748299 0.12002945508100148
1 0.7938775510204081 0.06332842415316642 0.7972789115646258 0.0743740795287187 0.8006802721088435 0.11634756995581738 0.8003401360544218 0.15537555228276878 0.7976190476190477 0.1642120765832106 0.7965986394557824 0.2025036818851252 0.7931972789115647 0.20692194403534608 0.789795918367347 0.17525773195876287 0.7901360544217687 0.10603829160530191 0.7863945578231293 0.08468335787923417 0.7894557823129251 0.06406480117820323 0.7935374149659864 0.06332842415316642
1 0.19591836734693877 0.12150220913107511 0.20034013605442177 0.14727540500736377 0.19727891156462585 0.1877761413843888 0.19965986394557822 0.2341678939617084 0.18877551020408162 0.23122238586156113 0.186734693877551 0.22754050073637702 0.18571428571428572 0.17820324005891017 0.18333333333333332 0.15979381443298968 0.18401360544217688 0.1480117820324006 0.18775510204081633 0.13917525773195877 0.18843537414965986 0.12371134020618557 0.195578231292517 0.12150220913107511
1 0.19081632653061226 0.05964653902798233 0.1935374149659864 0.06406480117820323 0.19421768707482992 0.08468335787923417 0.19727891156462585 0.09425625920471281 0.20068027210884354 0.12665684830633284 0.1989795918367347 0.13696612665684832 0.19795918367346937 0.12886597938144329 0.19421768707482992 0.12297496318114874 0.19115646258503402 0.12371134020618557 0.1880952380952381 0.13991163475699558 0.18231292517006803 0.15095729013254786 0.17755102040816326 0.1332842415316642 0.17789115646258502 0.09720176730486009 0.18401360544217688 0.08321060382916053 0.186734693877551 0.06111929307805596 0.19047619047619047 0.05964653902798233
1 0.9326530612244898 0.1332842415316642 0.9391156462585034 0.14653902798232696 0.9401360544217687 0.16789396170839468 0.9459183673469388 0.17452135493372606 0.9527210884353742 0.19219440353460973 0.9578231292517007 0.24005891016200295 0.9574829931972789 0.25699558173784975 0.9561224489795919 0.2621502209131075 0.9523809523809523 0.2650957290132548 0.923469387755102 0.2702503681885125 0.9197278911564626 0.2695139911634757 0.9187074829931973 0.2650957290132548 0.9238095238095239 0.187039764359352 0.9197278911564626 0.15169366715758467 0.9231292517006803 0.13917525773195877 0.932312925170068 0.1332842415316642
1 0.8037414965986395 0.06406480117820323 0.8129251700680272 0.08762886597938144 0.808843537414966 0.13770250368188514 0.808843537414966 0.15979381443298968 0.8071428571428572 0.1634756995581738 0.8017006802721088 0.15905743740795286 0.7996598639455782 0.13402061855670103 0.8006802721088435 0.11119293078055964 0.7979591836734694 0.09646539027982327 0.7989795918367347 0.0743740795287187 0.8034013605442177 0.06406480117820323
1 0.25170068027210885 0.09425625920471281 0.25510204081632654 0.10235640648011782 0.25544217687074827 0.11561119293078057 0.2598639455782313 0.14359351988217967 0.2598639455782313 0.17304860088365243 0.2568027210884354 0.19145802650957292 0.25578231292517006 0.21281296023564064 0.2571428571428571 0.25920471281296026 0.2540816326530612 0.26435935198821797 0.2465986394557823 0.2621502209131075 0.24965986394557824 0.24300441826215022 0.24353741496598638 0.21502209131075112 0.24557823129251702 0.18262150220913106 0.24353741496598638 0.10309278350515463 0.24625850340136055 0.09499263622974963 0.25136054421768705 0.09425625920471281
1 0.7826530612244897 0.07290132547864507 0.785374149659864 0.07731958762886598 0.791156462585034 0.10824742268041238 0.789795918367347 0.1723122238586156 0.79421768707483 0.1958762886597938 0.7935374149659864 0.20618556701030927 0.7904761904761904 0.20913107511045656 0.7860544217687074 0.20618556701030927 0.7829931972789116 0.18556701030927836 0.7826530612244897 0.15905743740795286 0.7782312925170068 0.13991163475699558 0.777891156462585 0.07879234167893961 0.7792517006802722 0.07363770250368189 0.782312925170068 0.07363770250368189
1 0.24149659863945577 0.12223858615611193 0.2445578231292517 0.13475699558173784 0.24353741496598638 0.15022091310751104 0.24489795918367346 0.1877761413843888 0.2425170068027211 0.2341678939617084 0.23809523809523808 0.24815905743740796 0.23605442176870747 0.24742268041237114 0.23741496598639455 0.23711340206185566 0.23469387755102042 0.21428571428571427 0.23401360544217686 0.17452135493372606 0.23639455782312926 0.16126656848306334 0.23639455782312926 0.12592047128129602 0.23775510204081632 0.12150220913107511 0.241156462585034 0.12223858615611193
1 0.21496598639455783 0.06332842415316642 0.2173469387755102 0.06701030927835051 0.2173469387755102 0.08541973490427099 0.2193877551020408 0.09867452135493372 0.21870748299319728 0.16053019145802652 0.22040816326530613 0.1796759941089838 0.21972789115646257 0.18335787923416788 0.2139455782312925 0.187039764359352 0.21326530612244898 0.22827687776141384 0.2108843537414966 0.23122238586156113 0.20748299319727892 0.22754050073637702 0.204421768707483 0.21649484536082475 0.20612244897959184 0.18630338733431517 0.20136054421768707 0.11782032400589101 0.20578231292517007 0.09572901325478646 0.2085034013605442 0.06701030927835051 0.21462585034013607 0.06332842415316642
1 0.8231292517006803 0.06921944035346098 0.8275510204081633 0.0780559646539028 0.8319727891156462 0.10088365243004419 0.8302721088435374 0.12297496318114874 0.8316326530612245 0.13549337260677466 0.827891156462585 0.14580265095729014 0.8142857142857143 0.14359351988217967 0.8115646258503402 0.12665684830633284 0.8125850340136055 0.09278350515463918 0.8159863945578232 0.08541973490427099 0.8183673469387756 0.07216494845360824 0.8227891156462585 0.06921944035346098
1 0.7010204081632653 0.13917525773195877 0.7068027210884353 0.15095729013254786 0.7115646258503401 0.17525773195876287 0.7156462585034014 0.18556701030927836 0.7238095238095238 0.2511045655375552 0.6942176870748299 0.25846833578792344 0.6894557823129251 0.25773195876288657 0.6891156462585034 0.24668630338733433 0.6857142857142857 0.2496318114874816 0.682312925170068 0.24447717231222385 0.6826530612244898 0.22974963181148747 0.685374149659864 0.19219440353460973 0.6904761904761905 0.18041237113402062 0.6918367346938775 0.15095729013254786 0.6952380952380952 0.14138438880706922 0.7006802721088435 0.13917525773195877
1 0.5404761904761904 0.06921944035346098 0.5486394557823129 0.11266568483063329 0.5428571428571428 0.12223858615611193 0.541156462585034 0.1325478645066274 0.5401360544217687 0.14506627393225333 0.5418367346938775 0.16789396170839468 0.539795918367347 0.1723122238586156 0.5363945578231293 0.16789396170839468 0.532312925170068 0.1715758468335788 0.5329931972789116 0.13991163475699558 0.5302721088435374 0.11192930780559647 0.5316326530612245 0.09057437407952872 0.5343537414965986 0.08468335787923417 0.5363945578231293 0.07069219440353461 0.5401360544217687 0.06921944035346098
1 0.753061224489796 0.08026509572901326 0.7557823129251701 0.08468335787923417 0.7564625850340136 0.0979381443298969 0.7605442176870748 0.1053019145802651 0.7625850340136054 0.11634756995581738 0.7619047619047619 0.14653902798232696 0.7585034013605442 0.15905743740795286 0.7585034013605442 0.17083946980854198 0.7642857142857142 0.20397643593519882 0.7629251700680272 0.21649484536082475 0.7591836734693878 0.22017673048600883 0.7578231292517007 0.21796759941089838 0.7585034013605442 0.20692194403534608 0.7520408163265306 0.19219440353460973 0.75 0.1958762886597938 0.7503401360544217 0.2025036818851252 0.7459183673469387 0.21281296023564064 0.741156462585034 0.21281296023564064 0.7408163265306122 0.20986745213549338 0.7445578231292517 0.19955817378497792 0.7465986394557823 0.17893961708394698 0.7472789115646259 0.1568483063328424 0.7438775510204082 0.14506627393225333 0.7465986394557823 0.08836524300441827 0.7482993197278912 0.0817378497790869 0.7527210884353741 0.08026509572901326
0 0.4782312925170068 0.2768777614138439 0.48401360544217686 0.2820324005891016 0.4925170068027211 0.29970544918998526 0.4897959183673469 0.3114874815905744 0.4894557823129252 0.32989690721649484 0.4850340136054422 0.3593519882179676 0.49523809523809526 0.38365243004418265 0.49829931972789115 0.39837997054491897 0.501360544217687 0.39837997054491897 0.5037414965986394 0.39322533136966126 0.5115646258503401 0.35714285714285715 0.5153061224489796 0.3475699558173785 0.5197278911564626 0.3438880706921944 0.5217687074829932 0.3549337260677467 0.5197278911564626 0.37628865979381443 0.5115646258503401 0.39322533136966126 0.5040816326530613 0.42783505154639173 0.49795918367346936 0.5986745213549337 0.49421768707482994 0.625920471281296 0.4884353741496599 0.6472754050073638 0.4901360544217687 0.6730486008836525 0.49455782312925173 0.6833578792341679 0.5027210884353741 0.6929307805596465 0.49863945578231295 0.7010309278350515 0.4897959183673469 0.7017673048600883 0.49183673469387756 0.7135493372606775 0.48401360544217686 0.7179675994108984 0.4670068027210884 0.7164948453608248 0.46190476190476193 0.7142857142857143 0.4605442176870748 0.7098674521354934 0.46462585034013604 0.6605301914580265 0.4697278911564626 0.5544918998527246 0.46802721088435373 0.5103092783505154 0.4629251700680272 0.49263622974963184 0.46462585034013604 0.4587628865979381 0.46938775510204084 0.44329896907216493 0.46564625850340136 0.43004418262150224 0.46122448979591835 0.39764359351988215 0.46258503401360546 0.3556701030927835 0.46564625850340136 0.33505154639175255 0.46564625850340136 0.312960235640648 0.4629251700680272 0.2864506627393225 0.4666666666666667 0.280559646539028 0.477891156462585 0.2768777614138439